-5.000000000000000000e+02 1.003204434823931534e-56
-4.989989989999999693e+02 1.680262344822217686e-56
-4.979979980000000523e+02 2.811356192661714831e-56
-4.969969970000000217e+02 4.699003609526872115e-56
-4.959959959999999910e+02 7.845973030217845693e-56
-4.949949950000000740e+02 1.308696588283403551e-55
-4.939939939999999865e+02 2.180631375079801694e-55
-4.929929929999999558e+02 3.629749629885158690e-55
-4.919919920000000388e+02 6.035624458210943481e-55
-4.909909910000000082e+02 1.002579630685007335e-54
-4.899899899999999775e+02 1.663668029389937290e-54
-4.889889890000000605e+02 2.757817936486519061e-54
-4.879879880000000298e+02 4.566838354401437021e-54
-4.869869870000000560e+02 7.554692896976413652e-54
-4.859859859999999685e+02 1.248444143867336916e-53
-4.849849849999999947e+02 2.060974153291051660e-53
-4.839839840000000208e+02 3.398811672385491545e-53
-4.829829829999999902e+02 5.599287712497181753e-53
-4.819819820000000163e+02 9.214878077035413768e-53
-4.809809810000000425e+02 1.514947315913111582e-52
-4.799799800000000118e+02 2.488035619408944094e-52
-4.789789790000000380e+02 4.081941572116954113e-52
-4.779779780000000073e+02 6.690030557959881411e-52
-4.769769769999999767e+02 1.095318809966835510e-51
-4.759759760000000028e+02 1.791447631813106980e-51
-4.749749750000000290e+02 2.926973669045450908e-51
-4.739739739999999983e+02 4.777323389531198474e-51
-4.729729730000000245e+02 7.789356717286181600e-51
-4.719719720000000507e+02 1.268731352571621353e-50
-4.709709710000000200e+02 2.064376365417024019e-50
-4.699699699999999893e+02 3.355515206951072723e-50
-4.689689690000000155e+02 5.448546621382598155e-50
-4.679679679999999848e+02 8.837984963200214084e-50
-4.669669670000000110e+02 1.432111961853026403e-49
-4.659659660000000372e+02 2.318204866073355450e-49
-4.649649650000000065e+02 3.748674922599583366e-49
-4.639639640000000327e+02 6.055567865674761400e-49
-4.629629630000000589e+02 9.771991879850389356e-49
-4.619619619999999713e+02 1.575297000568343358e-48
-4.609609609999999975e+02 2.536839093674300870e-48
-4.599599599999999668e+02 4.081074513184521803e-48
-4.589589589999999930e+02 6.558541241437130171e-48
-4.579579580000000192e+02 1.052909660305970125e-47
-4.569569569999999885e+02 1.688597312483741205e-47
-4.559559560000000147e+02 2.705279889728274605e-47
-4.549549550000000409e+02 4.329616614080589862e-47
-4.539539539999999533e+02 6.922098991019240052e-47
-4.529529529999999795e+02 1.105547220302039548e-46
-4.519519520000000057e+02 1.763875447902210573e-46
-4.509509509999999750e+02 2.811315974038980047e-46
-4.499499500000000012e+02 4.476128362768970906e-46
-4.489489490000000274e+02 7.119451427972968454e-46
-4.479479479999999967e+02 1.131205889102618181e-45
-4.469469470000000229e+02 1.795510339458993344e-45
-4.459459459999999922e+02 2.846985729493151126e-45
-4.449449449999999615e+02 4.509556131907618098e-45
-4.439439439999999877e+02 7.135648207946607371e-45
-4.429429430000000139e+02 1.127935307910143002e-44
-4.419419419999999832e+02 1.781090877884319218e-44
-4.409409410000000094e+02 2.809565064313844056e-44
-4.399399400000000355e+02 4.427343674685959107e-44
-4.389389390000000049e+02 6.969449958673185184e-44
-4.379379379999999742e+02 1.095985730258461734e-43
-4.369369370000000004e+02 1.721719594597820654e-43
-4.359359359999999697e+02 2.701911199844633060e-43
-4.349349349999999959e+02 4.235755153428247720e-43
-4.339339340000000220e+02 6.633484996706642346e-43
-4.329329329999999914e+02 1.037776379121241507e-42
-4.319319320000000175e+02 1.621873353682655706e-42
-4.309309310000000437e+02 2.532102155014007401e-42
-4.299299299999999562e+02 3.949086385732328785e-42
-4.289289289999999824e+02 6.152663622340752668e-42
-4.279279280000000085e+02 9.575927229377289222e-42
-4.269269269999999779e+02 1.488845487708300667e-41
-4.259259260000000040e+02 2.312435074102476027e-41
-4.249249250000000302e+02 3.587902178664919543e-41
-4.239239239999999995e+02 5.561126403883653256e-41
-4.229229230000000257e+02 8.610652572815432549e-41
-4.219219219999999950e+02 1.331865879841373583e-40
-4.209209209999999644e+02 2.057955818656596782e-40
-4.199199199999999905e+02 3.176601433031340559e-40
-4.189189190000000167e+02 4.898245352230406115e-40
-4.179179179999999860e+02 7.545177649568785850e-40
-4.169169170000000122e+02 1.161046279374308302e-39
-4.159159160000000384e+02 1.784763680275024170e-39
-4.149149150000000077e+02 2.740709687688647706e-39
-4.139139139999999770e+02 4.204326907622102557e-39
-4.129129130000000032e+02 6.442894893930371305e-39
-4.119119119999999725e+02 9.863175091161767806e-39
-4.109109109999999987e+02 1.508354995571717889e-38
-4.099099100000000249e+02 2.304313245032687818e-38
-4.089089089999999942e+02 3.516661713605463807e-38
-4.079079080000000204e+02 5.361308490066313871e-38
-4.069069070000000465e+02 8.165111661463142128e-38
-4.059059059999999590e+02 1.242237359485513590e-37
-4.049049049999999852e+02 1.887983398560391328e-37
-4.039039040000000114e+02 2.866440180762394561e-37
-4.029029029999999807e+02 4.347491302108345163e-37
-4.019019020000000069e+02 6.586970031524032624e-37
-4.009009010000000330e+02 9.969738800129172638e-37
-3.998999000000000024e+02 1.507415580981849886e-36
-3.988988990000000285e+02 2.276844372093921590e-36
-3.978978979999999979e+02 3.435459397233741624e-36
-3.968968969999999672e+02 5.178302543727865331e-36
-3.958958959999999934e+02 7.797244416911195149e-36
-3.948948950000000195e+02 1.172859533949807860e-35
-3.938938939999999889e+02 1.762389853713022148e-35
-3.928928930000000150e+02 2.645508079259896683e-35
-3.918918920000000412e+02 3.967046831959512780e-35
-3.908908910000000105e+02 5.942602614374018841e-35
-3.898898899999999799e+02 8.892772433803826515e-35
-3.888888890000000060e+02 1.329378941758022218e-34
-3.878878879999999754e+02 1.985233239122840375e-34
-3.868868870000000015e+02 2.961593226210789926e-34
-3.858858860000000277e+02 4.413573923806890857e-34
-3.848848849999999970e+02 6.570622688839037050e-34
-3.838838840000000232e+02 9.771782229639171279e-34
-3.828828829999999925e+02 1.451751079752595468e-33
-3.818818819999999619e+02 2.154575229080981364e-33
-3.808808809999999880e+02 3.194348491090703282e-33
-3.798798800000000142e+02 4.731012036046152791e-33
-3.788788789999999835e+02 6.999659893124162211e-33
-3.778778780000000097e+02 1.034548728210425950e-32
-3.768768770000000359e+02 1.527481963162553858e-32
-3.758758760000000052e+02 2.252954169371833068e-32
-3.748748749999999745e+02 3.319554098037790335e-32
-3.738738740000000007e+02 4.886054096884553843e-32
-3.728728729999999700e+02 7.184357223931120940e-32
-3.718718719999999962e+02 1.055282394290920645e-31
-3.708708710000000224e+02 1.548462149427060762e-31
-3.698698699999999917e+02 2.269779253684718891e-31
-3.688688690000000179e+02 3.323669083178787053e-31
-3.678678680000000440e+02 4.861866834097274594e-31
-3.668668670000000134e+02 7.104597332817268141e-31
-3.658658659999999827e+02 1.037115212228382092e-30
-3.648648650000000089e+02 1.512396513169540643e-30
-3.638638639999999782e+02 2.203207784231593064e-30
-3.628628630000000044e+02 3.206242556390076395e-30
-3.618618620000000305e+02 4.661099973770938434e-30
-3.608608609999999999e+02 6.769110268287965618e-30
-3.598598600000000260e+02 9.820325580149192577e-30
-3.588588589999999954e+02 1.423217617759204658e-29
-3.578578579999999647e+02 2.060477435026399044e-29
-3.568568569999999909e+02 2.979995040900811389e-29
-3.558558560000000170e+02 4.305408331321707575e-29
-3.548548549999999864e+02 6.213900278378592536e-29
-3.538538540000000125e+02 8.959119693262597707e-29
-3.528528530000000387e+02 1.290379708775216583e-28
-3.518518520000000080e+02 1.856610654832787414e-28
-3.508508509999999774e+02 2.668549596116024635e-28
-3.498498500000000035e+02 3.831606011748961788e-28
-3.488488489999999729e+02 5.495883779180112082e-28
-3.478478479999999990e+02 7.874905688768840970e-28
-3.468468470000000252e+02 1.127208641120679066e-27
-3.458458459999999945e+02 1.611811998671406696e-27
-3.448448450000000207e+02 2.302372484592571770e-27
-3.438438440000000469e+02 3.285397447227271265e-27
-3.428428429999999594e+02 4.683293452146257562e-27
-3.418418419999999855e+02 6.669080414478692507e-27
-3.408408410000000117e+02 9.487060363482565011e-27
-3.398398399999999810e+02 1.348181926079019177e-26
-3.388388390000000072e+02 1.913887757126690241e-26
-3.378378380000000334e+02 2.714160682396580151e-26
-3.368368370000000027e+02 3.845083474972689822e-26
-3.358358360000000289e+02 5.441606296613089358e-26
-3.348348349999999982e+02 7.693068307957183948e-26
-3.338338339999999675e+02 1.086483629666177684e-25
-3.328328329999999937e+02 1.532843838442781601e-25
-3.318318320000000199e+02 2.160348247010374536e-25
-3.308308309999999892e+02 3.041590507583682812e-25
-3.298298300000000154e+02 4.277882487305775052e-25
-3.288288290000000416e+02 6.010465153524240422e-25
-3.278278280000000109e+02 8.436036376731518234e-25
-3.268268269999999802e+02 1.182823463264250526e-24
-3.258258260000000064e+02 1.656733084053822317e-24
-3.248248249999999757e+02 2.318121985807097113e-24
-3.238238240000000019e+02 3.240195047935978341e-24
-3.228228230000000281e+02 4.524359945169651853e-24
-3.218218219999999974e+02 6.310943189685482926e-24
-3.208208210000000236e+02 8.793920184459511950e-24
-3.198198200000000497e+02 1.224114085689908641e-23
-3.188188189999999622e+02 1.702207101560609542e-23
-3.178178179999999884e+02 2.364580085981437101e-23
-3.168168170000000146e+02 3.281306390658013511e-23
-3.158158159999999839e+02 4.548735329628100901e-23
-3.148148150000000101e+02 6.299204075953676298e-23
-3.138138140000000362e+02 8.714286134561425722e-23
-3.128128130000000056e+02 1.204284454704482114e-22
-3.118118120000000317e+02 1.662560552335310727e-22
-3.108108110000000011e+02 2.292857107846374438e-22
-3.098098099999999704e+02 3.158840047927477206e-22
-3.088088089999999966e+02 4.347398063851950021e-22
-3.078078080000000227e+02 5.976986939044095727e-22
-3.068068069999999921e+02 8.208925853519214210e-22
-3.058058060000000182e+02 1.126267328625164599e-21
-3.048048050000000444e+02 1.543646192666006370e-21
-3.038038040000000137e+02 2.113514214747792116e-21
-3.028028029999999831e+02 2.890771118314652908e-21
-3.018018020000000092e+02 3.949784197498915669e-21
-3.008008009999999786e+02 5.391184016367097423e-21
-2.997998000000000047e+02 7.350994039118387735e-21
-2.987987990000000309e+02 1.001288232788837383e-20
-2.977977980000000002e+02 1.362458494806496384e-20
-2.967967970000000264e+02 1.851989741401496931e-20
-2.957957960000000526e+02 2.514808961596680582e-20
-2.947947949999999651e+02 3.411320694408185587e-20
-2.937937939999999912e+02 4.622652266370228880e-20
-2.927927930000000174e+02 6.257646543355968591e-20
-2.917917919999999867e+02 8.462174158883278398e-20
-2.907907910000000129e+02 1.143152095038609727e-19
-2.897897900000000391e+02 1.542684801644622819e-19
-2.887887890000000084e+02 2.079703928511682013e-19
-2.877877880000000346e+02 2.800766804536213217e-19
-2.867867870000000039e+02 3.767935983274524427e-19
-2.857857859999999732e+02 5.063854373111904376e-19
-2.847847849999999994e+02 6.798451861970804928e-19
-2.837837840000000256e+02 9.117798134125770289e-19
-2.827827829999999949e+02 1.221577558606337213e-18
-2.817817820000000211e+02 1.634945369842646244e-18
-2.807807810000000472e+02 2.185931621449935476e-18
-2.797797800000000166e+02 2.919584345916877010e-18
-2.787787789999999859e+02 3.895440786859587265e-18
-2.777777780000000121e+02 5.192103186336973448e-18
-2.767767769999999814e+02 6.913232287484899495e-18
-2.757757760000000076e+02 9.195389105099957259e-18
-2.747747750000000337e+02 1.221828355645622070e-17
-2.737737740000000031e+02 1.621815382836211851e-17
-2.727727729999999724e+02 2.150521346737497220e-17
-2.717717720000000554e+02 2.848637763476921338e-17
-2.707707709999999679e+02 3.769483300819692884e-17
-2.697697699999999372e+02 4.982846940476167472e-17
-2.687687690000000202e+02 6.579977329736916042e-17
-2.677677679999999896e+02 8.680052952114080043e-17
-2.667667669999999589e+02 1.143856327096415294e-16
-2.657657660000000419e+02 1.505815315236614132e-16
-2.647647650000000112e+02 1.980263889135089448e-16
-2.637637639999999806e+02 2.601510320124879132e-16
-2.627627630000000067e+02 3.414123013865178917e-16
-2.617617619999999761e+02 4.475936370698369859e-16
-2.607607609999999454e+02 5.861918417888624332e-16
-2.597597600000000284e+02 7.669141711387228963e-16
-2.587587589999999977e+02 1.002316506665272476e-15
-2.577577579999999671e+02 1.308621735330842185e-15
-2.567567570000000501e+02 1.706768044602305518e-15
-2.557557559999999910e+02 2.223750218364416282e-15
-2.547547550000000172e+02 2.894333900144353583e-15
-2.537537539999999865e+02 3.763244069676169489e-15
-2.527527529999999842e+02 4.887955770185509935e-15
-2.517517520000000104e+02 6.342248813839272706e-15
-2.507507509999999797e+02 8.220730506676699081e-15
-2.497497500000000059e+02 1.064458351505488427e-14
-2.487487490000000037e+02 1.376886250194390375e-14
-2.477477479999999730e+02 1.779174638757494878e-14
-2.467467469999999992e+02 2.296625711144050962e-14
-2.457457460000000253e+02 2.961508562917271268e-14
-2.447447449999999662e+02 3.814932778590546776e-14
-2.437437439999999924e+02 4.909213433093027650e-14
-2.427427430000000186e+02 6.310853011025164974e-14
-2.417417419999999879e+02 8.104296899079138344e-14
-2.407407409999999857e+02 1.039665775698910553e-13
-2.397397400000000118e+02 1.332365196622490557e-13
-2.387387389999999812e+02 1.705705063069736688e-13
-2.377377380000000073e+02 2.181402087353413052e-13
-2.367367370000000051e+02 2.786882363001135728e-13
-2.357357359999999744e+02 3.556744567101267744e-13
-2.347347350000000006e+02 4.534588094387321233e-13
-2.337337340000000268e+02 5.775294525282136755e-13
-2.327327329999999677e+02 7.347871582086942369e-13
-2.317317319999999938e+02 9.338994187083858649e-13
-2.307307310000000200e+02 1.185740843206725542e-12
-2.297297299999999893e+02 1.503940244479330448e-12
-2.287287289999999871e+02 1.905559479671059748e-12
-2.277277280000000133e+02 2.411934805059149866e-12
-2.267267269999999826e+02 3.049718447946158975e-12
-2.257257260000000088e+02 3.852166552542892306e-12
-2.247247250000000065e+02 4.860729936263527344e-12
-2.237237239999999758e+02 6.127016576549880317e-12
-2.227227230000000020e+02 7.715209889252121751e-12
-2.217217220000000282e+02 9.705045199598746909e-12
-2.207207209999999691e+02 1.219546899302922999e-11
-2.197197199999999953e+02 1.530913233739428603e-11
-2.187187190000000214e+02 1.919790220924623748e-11
-2.177177179999999908e+02 2.404961342788187394e-11
-2.167167169999999885e+02 3.009633079891188885e-11
-2.157157160000000147e+02 3.762444743257640514e-11
-2.147147149999999840e+02 4.698701285167981335e-11
-2.137137140000000102e+02 5.861876559220159819e-11
-2.127127130000000079e+02 7.305444206657803661e-11
-2.117117119999999773e+02 9.095104949881496845e-11
-2.107107110000000034e+02 1.131149292743349732e-10
-2.097097100000000296e+02 1.405346022137975332e-10
-2.087087089999999705e+02 1.744205839330654801e-10
-2.077077079999999967e+02 2.162535922759124090e-10
-2.067067070000000228e+02 2.678428464494425152e-10
-2.057057059999999922e+02 3.313964867151411326e-10
-2.047047049999999899e+02 4.096065333370855379e-10
-2.037037040000000161e+02 5.057512644899108923e-10
-2.027027029999999854e+02 6.238184372127900089e-10
-2.017017020000000116e+02 7.686534174485885551e-10
-2.007007010000000093e+02 9.461370411561026237e-10
-1.996996999999999787e+02 1.163398917418859290e-09
-1.986986990000000048e+02 1.429072928312768615e-09
-1.976976980000000310e+02 1.753602904287377325e-09
-1.966966969999999719e+02 2.149607887000824555e-09
-1.956956959999999981e+02 2.632318067269328474e-09
-1.946946950000000243e+02 3.220094442256648098e-09
-1.936936939999999936e+02 3.935047516949509366e-09
-1.926926929999999913e+02 4.803773030257862287e-09
-1.916916920000000175e+02 5.858225772635185590e-09
-1.906906909999999868e+02 7.136756144658004414e-09
-1.896896900000000130e+02 8.685338258032884079e-09
-1.886886890000000108e+02 1.055902318530309947e-08
-1.876876879999999801e+02 1.282365651631405399e-08
-1.866866870000000063e+02 1.555790578461625296e-08
-1.856856860000000324e+02 1.885565070523837904e-08
-1.846846849999999733e+02 2.282879765132059847e-08
-1.836836839999999995e+02 2.761058954206111313e-08
-1.826826830000000257e+02 3.335949348741098402e-08
-1.816816819999999950e+02 4.026376132484347049e-08
-1.806806809999999928e+02 4.854677280085855880e-08
-1.796796799999999621e+02 5.847328782868840306e-08
-1.786786789999999883e+02 7.035675325354768258e-08
-1.776776780000000144e+02 8.456783116500638798e-08
-1.766766769999999553e+02 1.015443403296271216e-07
-1.756756759999999815e+02 1.218028301249891488e-07
-1.746746750000000077e+02 1.459520378217362925e-07
-1.736736739999999770e+02 1.747085156028839791e-07
-1.726726729999999748e+02 2.089147537873440631e-07
-1.716716720000000009e+02 2.495601718359956886e-07
-1.706706709999999703e+02 2.978053994045250192e-07
-1.696696699999999964e+02 3.550103265528829342e-07
-1.686686689999999942e+02 4.227664658570641546e-07
-1.676676679999999635e+02 5.029342402722251587e-07
-1.666666669999999897e+02 5.976858898916455012e-07
-1.656656660000000159e+02 7.095547790057753045e-07
-1.646646649999999568e+02 8.414919829084966652e-07
-1.636636639999999829e+02 9.969311425893240540e-07
-1.626626630000000091e+02 1.179862695699301309e-06
-1.616616619999999784e+02 1.394918724934505752e-06
-1.606606609999999762e+02 1.647469811231944909e-06
-1.596596600000000024e+02 1.943735439936092571e-06
-1.586586589999999717e+02 2.290909684413098746e-06
-1.576576579999999979e+02 2.697304084524739436e-06
-1.566566569999999956e+02 3.172509847990383055e-06
-1.556556559999999649e+02 3.727581732022733001e-06
-1.546546549999999911e+02 4.375246211763695995e-06
-1.536536540000000173e+02 5.130136811974447068e-06
-1.526526529999999582e+02 6.009059770096306967e-06
-1.516516519999999844e+02 7.031293513073255218e-06
-1.506506510000000105e+02 8.218925767982920082e-06
-1.496496499999999799e+02 9.597232488205148306e-06
-1.486486489999999776e+02 1.119510316305736479e-05
-1.476476480000000038e+02 1.304551748983847124e-05
-1.466466469999999731e+02 1.518607882311687372e-05
-1.456456459999999993e+02 1.765961027668302776e-05
-1.446446449999999970e+02 2.051481983835795850e-05
-1.436436439999999664e+02 2.380704136594183129e-05
-1.426426429999999925e+02 2.759905886275693470e-05
-1.416416419999999903e+02 3.196202198176548479e-05
-1.406406409999999596e+02 3.697646127590782384e-05
-1.396396399999999858e+02 4.273341229634701200e-05
-1.386386390000000119e+02 4.933565823632090589e-05
-1.376376379999999813e+02 5.689910142222151084e-05
-1.366366369999999790e+02 6.555427456056977132e-05
-1.356356360000000052e+02 7.544800325413918629e-05
-1.346346349999999745e+02 8.674523189616760292e-05
-1.336336340000000007e+02 9.963102563110685136e-05
-1.326326329999999984e+02 1.143127616254175857e-04
-1.316316319999999678e+02 1.310225234132569438e-04
-1.306306309999999939e+02 1.500197125593506233e-04
-1.296296299999999917e+02 1.715938923034966029e-04
-1.286286289999999610e+02 1.960678782056915091e-04
-1.276276279999999872e+02 2.238010910843527413e-04
-1.266266269999999992e+02 2.551931877180313533e-04
-1.256256259999999685e+02 2.906879848477324224e-04
-1.246246249999999947e+02 3.307776919560466411e-04
-1.236236240000000066e+02 3.760074680931542240e-04
-1.226226229999999759e+02 4.269803176499130815e-04
-1.216216219999999879e+02 4.843623394257339475e-04
-1.206206209999999999e+02 5.488883425838028858e-04
-1.196196199999999692e+02 6.213678421080496899e-04
-1.186186189999999812e+02 7.026914451547077714e-04
-1.176176180000000073e+02 7.938376382054193213e-04
-1.166166169999999767e+02 8.958799831578404373e-04
-1.156156159999999886e+02 1.009994728413789742e-03
-1.146146150000000006e+02 1.137468838624181152e-03
-1.136136139999999699e+02 1.279708444005780120e-03
-1.126126129999999819e+02 1.438247707040271085e-03
-1.116116120000000080e+02 1.614758100885678709e-03
-1.106106109999999774e+02 1.811058089960057137e-03
-1.096096099999999893e+02 2.029123198887808864e-03
-1.086086090000000013e+02 2.271096451321496460e-03
-1.076076079999999706e+02 2.539299155062578733e-03
-1.066066069999999826e+02 2.836242004403349316e-03
-1.056056060000000087e+02 3.164636464703706690e-03
-1.046046049999999781e+02 3.527406397908522829e-03
-1.036036039999999900e+02 3.927699881020937402e-03
-1.026026030000000020e+02 4.368901162493167047e-03
-1.016016019999999713e+02 4.854642694106009806e-03
-1.006006009999999833e+02 5.388817168216952259e-03
-9.959960000000000946e+01 5.975589482304037754e-03
-9.859859899999997879e+01 6.619408544566456401e-03
-9.759759799999999075e+01 7.325018826021732765e-03
-9.659659700000000271e+01 8.097471556125595410e-03
-9.559559599999997204e+01 8.942135450506254191e-03
-9.459459499999998400e+01 9.864706851032134516e-03
-9.359359400000001017e+01 1.087121915020813727e-02
-9.259259299999996529e+01 1.196805136391508942e-02
-9.159159199999999146e+01 1.316193570887690470e-02
-9.059059100000000342e+01 1.445996403406895822e-02
-8.958958999999997275e+01 1.586959294868407061e-02
-8.858858899999998471e+01 1.739864748337718175e-02
-8.758758800000001088e+01 1.905532311644023841e-02
-8.658658699999996600e+01 2.084818599244477044e-02
-8.558558599999999217e+01 2.278617115786962799e-02
-8.458458500000000413e+01 2.487857863643933368e-02
-8.358358399999997346e+01 2.713506716646197151e-02
-8.258258299999998542e+01 2.956564542352051531e-02
-8.158158200000001159e+01 3.218066055455835739e-02
-8.058058099999996671e+01 3.499078385382914380e-02
-7.957957999999999288e+01 3.800699341748232929e-02
-7.857857900000000484e+01 4.124055362182514617e-02
-7.757757799999997417e+01 4.470299128063082161e-02
-7.657657699999998613e+01 4.840606834935050340e-02
-7.557557600000001230e+01 5.236175105877893116e-02
-7.457457499999996742e+01 5.658217537767449429e-02
-7.357357399999999359e+01 6.107960872307913874e-02
-7.257257300000000555e+01 6.586640785861445913e-02
-7.157157199999997488e+01 7.095497294482916439e-02
-7.057057099999998684e+01 7.635769773170407448e-02
-6.956957000000001301e+01 8.208691591160507950e-02
-6.856856899999996813e+01 8.815484368119497205e-02
-6.756756799999999430e+01 9.457351859297245811e-02
-6.656656700000000626e+01 1.013547348110100665e-01
-6.556556599999997559e+01 1.085099749209187392e-01
-6.456456499999998755e+01 1.160503384808757449e-01
-6.356356400000001372e+01 1.239864675384334952e-01
-6.256256299999997594e+01 1.323284693764895381e-01
-6.156156199999999501e+01 1.410858367909579303e-01
-6.056056100000001408e+01 1.502673662419700407e-01
-5.955955999999997630e+01 1.598810742594734269e-01
-5.855855899999999536e+01 1.699341125225374283e-01
-5.755755800000001443e+01 1.804326820690712041e-01
-5.655655699999997665e+01 1.913819471285816143e-01
-5.555555599999999572e+01 2.027859491046473950e-01
-5.455455500000001479e+01 2.146475212654796738e-01
-5.355355399999997701e+01 2.269682047298187400e-01
-5.255255299999999608e+01 2.397481663610891989e-01
-5.155155200000001514e+01 2.529861192047077600e-01
-5.055055099999997736e+01 2.666792461212860732e-01
-4.954954999999999643e+01 2.808231272818303426e-01
-4.854854899999995865e+01 2.954116721994905492e-01
-4.754754799999997772e+01 3.104370569755702802e-01
-4.654654699999999679e+01 3.258896674351616229e-01
-4.554554599999995901e+01 3.417580488195033905e-01
-4.454454499999997807e+01 3.580288626878638247e-01
-4.354354399999999714e+01 3.746868516611949751e-01
-4.254254299999995936e+01 3.917148126128437990e-01
-4.154154199999997843e+01 4.090935788782579796e-01
-4.054054099999999750e+01 4.268020120158489417e-01
-3.953953999999995972e+01 4.448170036050105858e-01
-3.853853899999997878e+01 4.631134875149924834e-01
-3.753753799999999785e+01 4.816644630200185295e-01
-3.653653699999996007e+01 5.004410290720148202e-01
-3.553553599999997914e+01 5.194124299730230598e-01
-3.453453499999999821e+01 5.385461126151618316e-01
-3.353353399999996043e+01 5.578077953773776798e-01
-3.253253299999997949e+01 5.771615486858524546e-01
-3.153153199999999501e+01 5.965698871593434482e-01
-3.053053099999996078e+01 6.159938731726350980e-01
-2.952952999999997630e+01 6.353932315814848630e-01
-2.852852899999999536e+01 6.547264752616694938e-01
-2.752752799999996114e+01 6.739510410237934401e-01
-2.652652699999997665e+01 6.930234353753605969e-01
-2.552552599999999572e+01 7.118993895129993588e-01
-2.452452499999996149e+01 7.305340228415954096e-01
-2.352352399999997701e+01 7.488820142343424191e-01
-2.252252299999999607e+01 7.668977801692116181e-01
-2.152152199999995830e+01 7.845356588038893131e-01
-2.052052099999997736e+01 8.017500989837633707e-01
-1.951951999999999643e+01 8.184958531167570994e-01
-1.851851899999995865e+01 8.347281727954380948e-01
-1.751751799999997772e+01 8.504030060016490866e-01
-1.651651699999999678e+01 8.654771946924160186e-01
-1.551551599999996078e+01 8.799086715386487123e-01
-1.451451499999997807e+01 8.936566545706425835e-01
-1.351351399999999714e+01 9.066818384769307348e-01
-1.251251299999996114e+01 9.189465813058538268e-01
-1.151151199999997843e+01 9.304150853325410253e-01
-1.051051099999994243e+01 9.410535708777888475e-01
-9.509510000000014784e+00 9.508304418995623397e-01
-8.508508999999978784e+00 9.597164422223711799e-01
-7.507507999999942783e+00 9.676848013242281832e-01
-6.506507000000015140e+00 9.747113686650294984e-01
-5.505505999999979139e+00 9.807747356133353911e-01
-4.504504999999943138e+00 9.858563441102358160e-01
-3.503504000000015939e+00 9.899405812984986008e-01
-2.502502999999979938e+00 9.930148594417383956e-01
-1.501501999999943715e+00 9.950696805610859119e-01
-5.005010000000160719e-01 9.960986853248733341e-01
5.005000000000200400e-01 9.960986858391264187e-01
1.501501000000056152e+00 9.950696821022519956e-01
2.502501999999983795e+00 9.930148620050441854e-01
3.503503000000019796e+00 9.899405848760172155e-01
4.504504000000055797e+00 9.858563486909249773e-01
5.505504999999983440e+00 9.807747411830977091e-01
6.506506000000019441e+00 9.747113752067816383e-01
7.507507000000055442e+00 9.676848088179892393e-01
8.508507999999983085e+00 9.597164506453669253e-01
9.509509000000019086e+00 9.508304512263351382e-01
1.051051000000005509e+01 9.410535810803291046e-01
1.151151099999998273e+01 9.304150963804297403e-01
1.251251200000001873e+01 9.189465931664076992e-01
1.351351300000005473e+01 9.066818511153675875e-01
1.451451399999998237e+01 8.936566679502510047e-01
1.551551500000001838e+01 8.799086856209613616e-01
1.651651600000005615e+01 8.654772094373983649e-01
1.751751699999998380e+01 8.504030213678865913e-01
1.851851800000001802e+01 8.347281887403267264e-01
1.951951900000005580e+01 8.184958695967030629e-01
2.052051999999998344e+01 8.017501159543788392e-01
2.152152100000001766e+01 7.845356762201867173e-01
2.252252200000005544e+01 7.668977979858057070e-01
2.352352299999998309e+01 7.488820324056414401e-01
2.452452400000001731e+01 7.305340413219890694e-01
2.552552500000005509e+01 7.118994082570516690e-01
2.652652599999998273e+01 6.930234543379877321e-01
2.752752700000001695e+01 6.739510601604354889e-01
2.852852800000005473e+01 6.547264945284632098e-01
2.952952899999998237e+01 6.353932509354215385e-01
3.053053000000001660e+01 6.159938925717054481e-01
3.153153100000005438e+01 5.965699065626868247e-01
3.253253199999998202e+01 5.771615680538829674e-01
3.353353300000001980e+01 5.578078146719018804e-01
3.453453400000005047e+01 5.385461317994937325e-01
3.553553499999998166e+01 5.194124490120786142e-01
3.653653600000001944e+01 5.004410479323957439e-01
3.753753700000005011e+01 4.816644816700927922e-01
3.853853799999998131e+01 4.631135059249537611e-01
3.953953900000001909e+01 4.448170217469271104e-01
4.054054000000004976e+01 4.268020298637097421e-01
4.154154099999998095e+01 4.090935964079978615e-01
4.254254200000001873e+01 3.917148298023583886e-01
4.354354300000004940e+01 3.746868684903535418e-01
4.454454399999998060e+01 3.580288791385025093e-01
4.554554500000001838e+01 3.417580648754103279e-01
4.654654600000004905e+01 3.258896830820591228e-01
4.754754699999998024e+01 3.104370722010814099e-01
4.854854800000001802e+01 2.954116869930976663e-01
4.954954900000004869e+01 2.808231416348328513e-01
5.055054999999997989e+01 2.666792600267445801e-01
5.155155100000001767e+01 2.529861326573825675e-01
5.255255200000004834e+01 2.397481793573761899e-01
5.355355299999997953e+01 2.269682172676818488e-01
5.455455400000001731e+01 2.146475333443716160e-01
5.555555500000005509e+01 2.027859607254343388e-01
5.655655599999997918e+01 1.913819582934635499e-01
5.755755700000001696e+01 1.804326927814955683e-01
5.855855800000005473e+01 1.699341227871160598e-01
5.955955899999997882e+01 1.598810840818988832e-01
6.056056000000001660e+01 1.502673756289257256e-01
6.156156100000005438e+01 1.410858457500341334e-01
6.256256199999997847e+01 1.323284779160993907e-01
6.356356300000001625e+01 1.239864756677256513e-01
6.456456400000004692e+01 1.160503462096535571e-01
6.556556499999997811e+01 1.085099822595604613e-01
6.656656600000000878e+01 1.013547417703877934e-01
6.756756700000005367e+01 9.457352518437776856e-02
6.856856799999998486e+01 8.815484991626690303e-02
6.956956900000001554e+01 8.208692180225839186e-02
7.057057000000004621e+01 7.635770329006368040e-02
7.157157099999997740e+01 7.095497818316819083e-02
7.257257200000000807e+01 6.586641278929322718e-02
7.357357300000005296e+01 6.107961335849051987e-02
7.457457399999998415e+01 5.658217973019311064e-02
7.557557500000001482e+01 5.236175514071154946e-02
7.657657600000004550e+01 4.840607217289320113e-02
7.757757699999997669e+01 4.470299485782906063e-02
7.857857800000000736e+01 4.124055696453641368e-02
7.957957900000005225e+01 3.800699653734405242e-02
8.058057999999998344e+01 3.499078676223006668e-02
8.158158100000001411e+01 3.218066326261214555e-02
8.258258200000004479e+01 2.956564794204404045e-02
8.358358299999997598e+01 2.713506950595686792e-02
8.458458400000000665e+01 2.487858080707532407e-02
8.558558500000005154e+01 2.278617316947213756e-02
8.658658599999998273e+01 2.084818785448518466e-02
8.758758700000001340e+01 1.905532483802772903e-02
8.858858800000004408e+01 1.739864907325393631e-02
8.958958899999997527e+01 1.586959441522286726e-02
9.059059000000000594e+01 1.445996538527170167e-02
9.159159100000005083e+01 1.316193695237624466e-02
9.259259199999998202e+01 1.196805250697740089e-02
9.359359300000001269e+01 1.087122019973748438e-02
9.459459400000004337e+01 9.864707813576364601e-03
9.559559499999997456e+01 8.942136332264122300e-03
9.659659600000000523e+01 8.097472362954541078e-03
9.759759700000005012e+01 7.325019563447080981e-03
9.859859799999998131e+01 6.619409217791322880e-03
9.959959900000001198e+01 5.975590096219485746e-03
1.006006000000000427e+02 5.388817727413153756e-03
1.016016009999999739e+02 4.854643202883679107e-03
1.026026020000000045e+02 4.368901624875057635e-03
1.036036030000000494e+02 3.927700300763829755e-03
1.046046039999999806e+02 3.527406778515298526e-03
1.056056050000000113e+02 3.164636809435246011e-03
1.066066060000000419e+02 2.836242316290581936e-03
1.076076069999999731e+02 2.539299436918431626e-03
1.086086080000000180e+02 2.271096705752511345e-03
1.096096090000000487e+02 2.029123428305678548e-03
1.106106099999999799e+02 1.811058296592918783e-03
1.116116110000000106e+02 1.614758286788964964e-03
1.126126120000000412e+02 1.438247874107364535e-03
1.136136129999999724e+02 1.279708593978278516e-03
1.146146140000000173e+02 1.137468973101712260e-03
1.156156150000000480e+02 1.009994848863510469e-03
1.166166159999999792e+02 8.958800909235250512e-04
1.176176170000000099e+02 7.938377345160634599e-04
1.186186180000000405e+02 7.026915311327845345e-04
1.196196189999999717e+02 6.213679187773343262e-04
1.206206200000000166e+02 5.488884108767392959e-04
1.216216210000000473e+02 4.843624001904332636e-04
1.226226219999999785e+02 4.269803716567419842e-04
1.236236230000000091e+02 3.760075160408965175e-04
1.246246240000000398e+02 3.307777344777132218e-04
1.256256249999999710e+02 2.906880225159907461e-04
1.266266260000000159e+02 2.551932210502590105e-04
1.276276270000000466e+02 2.238011205473614885e-04
1.286286279999999635e+02 1.960679042201210790e-04
1.296296290000000226e+02 1.715939152478764245e-04
1.306306300000000533e+02 1.500197327738760707e-04
1.316316309999999703e+02 1.310225412032774855e-04
1.326326320000000010e+02 1.143127772646460234e-04
1.336336330000000316e+02 9.963103936458632002e-05
1.346346339999999770e+02 8.674524394299347430e-05
1.356356350000000077e+02 7.544801380995436006e-05
1.366366360000000384e+02 6.555428379985516060e-05
1.376376369999999838e+02 5.689910950038885054e-05
1.386386380000000145e+02 4.933566529162020992e-05
1.396396390000000451e+02 4.273341845160832377e-05
1.406406400000000758e+02 3.697646664012512038e-05
1.416416410000000212e+02 3.196202665153476255e-05
1.426426420000000519e+02 2.759906292357796703e-05
1.436436430000000826e+02 2.380704489340119227e-05
1.446446439999999996e+02 2.051482289919557634e-05
1.456456450000000302e+02 1.765961292975372642e-05
1.466466460000000893e+02 1.518608112025955406e-05
1.476476470000000063e+02 1.304551947665640628e-05
1.486486480000000370e+02 1.119510487961846385e-05
1.496496490000000676e+02 9.597233969671868303e-06
1.506506500000000131e+02 8.218927045175237510e-06
1.516516510000000437e+02 7.031294612971664806e-06
1.526526520000000744e+02 6.009060716292196720e-06
1.536536530000000198e+02 5.130137625070899859e-06
1.546546540000000505e+02 4.375246909731987943e-06
1.556556550000000811e+02 3.727582330520121176e-06
1.566566559999999981e+02 3.172510360641684215e-06
1.576576570000000572e+02 2.697304523171761753e-06
1.586586580000000879e+02 2.290910059335963462e-06
1.596596590000000049e+02 1.943735760048555990e-06
1.606606600000000356e+02 1.647470084253677906e-06
1.616616610000000662e+02 1.394918957543298395e-06
1.626626620000000116e+02 1.179862893664831386e-06
1.636636630000000423e+02 9.969313108906907274e-07
1.646646640000000730e+02 8.414921258375700330e-07
1.656656650000000184e+02 7.095549002577075883e-07
1.666666660000000491e+02 5.976859926440417331e-07
1.676676670000000797e+02 5.029343272544901926e-07
1.686686679999999967e+02 4.227665394108746244e-07
1.696696690000000558e+02 3.550103886848933498e-07
1.706706700000000865e+02 2.978054518323269270e-07
1.716716710000000035e+02 2.495602160280452695e-07
1.726726720000000341e+02 2.089147909976234881e-07
1.736736730000000648e+02 1.747085469010036637e-07
1.746746740000000102e+02 1.459520641189862678e-07
1.756756750000000409e+02 1.218028521968633888e-07
1.766766760000000716e+02 1.015443588353104224e-07
1.776776770000000170e+02 8.456784666417121678e-08
1.786786780000000476e+02 7.035676622082312798e-08
1.796796790000000783e+02 5.847329866612728924e-08
1.806806799999999953e+02 4.854678184864435883e-08
1.816816810000000544e+02 4.026376887047679554e-08
1.826826820000000851e+02 3.335949977359434176e-08
1.836836830000000020e+02 2.761059477344385754e-08
1.846846840000000327e+02 2.282880200026770730e-08
1.856856850000000634e+02 1.885565431675948741e-08
1.866866860000000088e+02 1.555790878056734047e-08
1.876876870000000395e+02 1.282365899897763789e-08
1.886886880000000701e+02 1.055902524043559453e-08
1.896896890000000155e+02 8.685339957452804364e-09
1.906906900000000462e+02 7.136757548442892175e-09
1.916916910000000769e+02 5.858226930984692466e-09
1.926926919999999939e+02 4.803773985070080102e-09
1.936936930000000530e+02 3.935048303154280229e-09
1.946946940000000836e+02 3.220095088941877511e-09
1.956956950000000006e+02 2.632318598630577508e-09
1.966966960000000313e+02 2.149608323141434628e-09
1.976976970000000620e+02 1.753603261891965411e-09
1.986986980000000074e+02 1.429073221212960053e-09
1.996996990000000380e+02 1.163399157068222840e-09
2.007007000000000687e+02 9.461372370284596435e-10
2.017017010000000141e+02 7.686535773713836416e-10
2.027027020000000448e+02 6.238185676459349270e-10
2.037037030000000755e+02 5.057513707587943222e-10
2.047047039999999924e+02 4.096066198268960507e-10
2.057057050000000515e+02 3.313965570328077509e-10
2.067067060000000822e+02 2.678429035584792670e-10
2.077077069999999992e+02 2.162536386084601220e-10
2.087087080000000299e+02 1.744206214829431905e-10
2.097097090000000890e+02 1.405346326136887765e-10
2.107107100000000059e+02 1.131149538597070802e-10
2.117117110000000366e+02 9.095106936080772715e-11
2.127127120000000673e+02 7.305445809572053648e-11
2.137137130000000127e+02 5.861877851448631340e-11
2.147147140000000434e+02 4.698702325830383000e-11
2.157157150000000740e+02 3.762445580443991315e-11
2.167167159999999910e+02 3.009633752676037884e-11
2.177177170000000501e+02 2.404961882885596300e-11
2.187187180000000808e+02 1.919790654046331896e-11
2.197197189999999978e+02 1.530913580707772116e-11
2.207207200000000284e+02 1.219547176961967615e-11
2.217217210000000875e+02 9.705047419205415085e-12
2.227227220000000045e+02 7.715211661736885445e-12
2.237237230000000352e+02 6.127017990490966680e-12
2.247247240000000659e+02 4.860731063000586277e-12
2.257257250000000113e+02 3.852167449468352961e-12
2.267267260000000419e+02 3.049719161181222855e-12
2.277277270000000726e+02 2.411935371626703416e-12
2.287287279999999896e+02 1.905559929257774240e-12
2.297297290000000487e+02 1.503940600863170941e-12
2.307307300000000794e+02 1.185741125412201707e-12
2.317317309999999964e+02 9.338996419400806403e-13
2.327327320000000270e+02 7.347873346049031164e-13
2.337337330000000861e+02 5.775295917687721072e-13
2.347347340000000031e+02 4.534589192344609644e-13
2.357357350000000338e+02 3.556745431966276669e-13
2.367367360000000645e+02 2.786883043542482251e-13
2.377377370000000099e+02 2.181402622292206721e-13
2.387387380000000405e+02 1.705705483115931171e-13
2.397397390000000712e+02 1.332365526105884992e-13
2.407407399999999882e+02 1.039666033873552257e-13
2.417417410000000473e+02 8.104298919943738999e-14
2.427427420000000780e+02 6.310854591197842555e-14
2.437437429999999949e+02 4.909214667378566361e-14
2.447447440000000256e+02 3.814933741688557364e-14
2.457457450000000847e+02 2.961509313622135707e-14
2.467467460000000017e+02 2.296626295680916772e-14
2.477477470000000324e+02 1.779175093429820436e-14
2.487487480000000630e+02 1.376886603482642926e-14
2.497497490000000084e+02 1.064458625728555838e-14
2.507507500000000391e+02 8.220732632968549150e-15
2.517517510000000698e+02 6.342250460810478040e-15
2.527527519999999868e+02 4.887957044549228698e-15
2.537537530000000459e+02 3.763245054696246610e-15
2.547547540000000765e+02 2.894334660717799315e-15
2.557557549999999935e+02 2.223750805017903738e-15
2.567567560000000526e+02 1.706768496631637296e-15
2.577577570000000833e+02 1.308622083264209763e-15
2.587587580000000003e+02 1.002316774193864100e-15
2.597597590000000309e+02 7.669143766278714465e-16
2.607607600000000616e+02 5.861919994600052852e-16
2.617617609999999786e+02 4.475937579236501127e-16
2.627627620000000093e+02 3.414123939230544609e-16
2.637637630000000968e+02 2.601511027925403357e-16
2.647647640000000138e+02 1.980264429956036237e-16
2.657657650000000444e+02 1.505815728037852921e-16
2.667667660000000751e+02 1.143856641851983777e-16
2.677677669999999921e+02 8.680055349571662758e-17
2.687687680000000228e+02 6.579979153941129102e-17
2.697697690000000534e+02 4.982848327043729564e-17
2.707707699999999704e+02 3.769484353639003054e-17
2.717717710000000579e+02 2.848638562044784650e-17
2.727727720000000886e+02 2.150521951820542508e-17
2.737737730000000056e+02 1.621815840834131614e-17
2.747747740000000363e+02 1.221828701949468594e-17
2.757757750000000669e+02 9.195391720851300073e-18
2.767767759999999839e+02 6.913234261184514754e-18
2.777777770000000146e+02 5.192104674022226903e-18
2.787787780000000453e+02 3.895441907036351896e-18
2.797797790000000191e+02 2.919585188490014717e-18
2.807807800000000498e+02 2.185932254552693188e-18
2.817817810000000804e+02 1.634945845053539270e-18
2.827827819999999974e+02 1.221577914929675498e-18
2.837837830000000281e+02 9.117800803121037233e-19
2.847847840000000588e+02 6.798453859058107044e-19
2.857857849999999758e+02 5.063855865879128819e-19
2.867867860000000064e+02 3.767937097910122156e-19
2.877877870000000939e+02 2.800767635954441530e-19
2.887887880000000109e+02 2.079704548027072579e-19
2.897897890000000416e+02 1.542685262782235225e-19
2.907907900000000723e+02 1.143152437928678373e-19
2.917917909999999893e+02 8.462176705861892402e-20
2.927927920000000199e+02 6.257648433268377272e-20
2.937937930000000506e+02 4.622653667260355408e-20
2.947947939999999676e+02 3.411321731727842691e-20
2.957957950000000551e+02 2.514809728900308277e-20
2.967967960000000858e+02 1.851990308381860262e-20
2.977977970000000028e+02 1.362458913325354070e-20
2.987987980000000334e+02 1.001288541397579676e-20
2.997997990000000641e+02 7.350996312370748942e-21
3.008007999999999811e+02 5.391185689126238105e-21
3.018018010000000118e+02 3.949785427103492297e-21
3.028028020000000424e+02 2.890772021223356912e-21
3.038038030000000163e+02 2.113514877068980273e-21
3.048048040000000469e+02 1.543646677999014925e-21
3.058058050000000776e+02 1.126267683894280392e-21
3.068068059999999946e+02 8.208928451414142469e-22
3.078078070000000253e+02 5.976988836764398789e-22
3.088088080000000559e+02 4.347399448659204373e-22
3.098098089999999729e+02 3.158841057396644557e-22
3.108108100000000036e+02 2.292857842941209070e-22
3.118118110000000911e+02 1.662561087072350576e-22
3.128128120000000081e+02 1.204284843287549514e-22
3.138138130000000388e+02 8.714288955373399864e-23
3.148148140000000694e+02 6.299206121508306409e-23
3.158158149999999864e+02 4.548736811445912276e-23
3.168168160000000171e+02 3.281307462980160268e-23
3.178178170000000478e+02 2.364580861161352496e-23
3.188188180000000216e+02 1.702207661352515081e-23
3.198198190000000523e+02 1.224114489518945813e-23
3.208208200000000829e+02 8.793923094609064983e-24
3.218218209999999999e+02 6.310945284666190274e-24
3.228228220000000306e+02 4.524361451747730344e-24
3.238238230000000613e+02 3.240196130242297082e-24
3.248248239999999782e+02 2.318122762511483507e-24
3.258258250000000089e+02 1.656733640865486081e-24
3.268268260000000396e+02 1.182823862020831098e-24
3.278278270000000134e+02 8.436039229421177586e-25
3.288288280000000441e+02 6.010467192200351610e-25
3.298298290000000748e+02 4.277883942728043495e-25
3.308308299999999917e+02 3.041591545535007276e-25
3.318318310000000224e+02 2.160348986465941693e-25
3.328328320000000531e+02 1.532844364695458473e-25
3.338338329999999701e+02 1.086484003797280448e-25
3.348348340000000007e+02 7.693070965011836163e-26
3.358358350000000883e+02 5.441608181669664830e-26
3.368368360000000052e+02 3.845084810939379310e-26
3.378378370000000359e+02 2.714161628228809999e-26
3.388388380000000666e+02 1.913888426055474530e-26
3.398398389999999836e+02 1.348182398678312257e-26
3.408408400000000142e+02 9.487063698925891313e-27
3.418418410000000449e+02 6.669082766067686917e-27
3.428428420000000187e+02 4.683295108361308278e-27
3.438438430000000494e+02 3.285398612478160268e-27
3.448448440000000801e+02 2.302373303565528118e-27
3.458458449999999971e+02 1.611812573670574385e-27
3.468468460000000277e+02 1.127209044405909040e-27
3.478478470000000584e+02 7.874908514331456885e-28
3.488488479999999754e+02 5.495885756810431041e-28
3.498498490000000061e+02 3.831607394464373560e-28
3.508508500000000367e+02 2.668550561873455531e-28
3.518518510000000106e+02 1.856611328663726525e-28
3.528528520000000412e+02 1.290380178432882582e-28
3.538538530000000719e+02 8.959122963351225947e-29
3.548548539999999889e+02 6.213902552875316678e-29
3.558558550000000196e+02 4.305409911691535971e-29
3.568568560000000502e+02 2.979996137833177089e-29
3.578578569999999672e+02 2.060478195613047842e-29
3.588588579999999979e+02 1.423218144582847564e-29
3.598598590000000854e+02 9.820329225417905632e-30
3.608608600000000024e+02 6.769112787946206005e-30
3.618618610000000331e+02 4.661101713579635054e-30
3.628628620000000637e+02 3.206243756467161650e-30
3.638638629999999807e+02 2.203208611153812684e-30
3.648648640000000114e+02 1.512397082373618115e-30
3.658658650000000421e+02 1.037115603626864188e-30
3.668668660000000159e+02 7.104600021368056039e-31
3.678678670000000466e+02 4.861868678964848006e-31
3.688688680000000772e+02 3.323670347798738691e-31
3.698698689999999942e+02 2.269780119654733726e-31
3.708708700000000249e+02 1.548462741797814983e-31
3.718718710000000556e+02 1.055282799083239071e-31
3.728728719999999726e+02 7.184359987173576265e-32
3.738738730000000032e+02 4.886055981200206769e-32
3.748748740000000339e+02 3.319555381657416670e-32
3.758758750000000077e+02 2.252955042880237158e-32
3.768768760000000384e+02 1.527482556970299147e-32
3.778778770000000691e+02 1.034549131458861495e-32
3.788788779999999861e+02 6.999662628692722573e-33
3.798798790000000167e+02 4.731013889879236377e-33
3.808808800000000474e+02 3.194349746084897028e-33
3.818818809999999644e+02 2.154576077794253944e-33
3.828828820000000519e+02 1.451751653113905914e-33
3.838838830000000826e+02 9.771786099041750484e-34
3.848848839999999996e+02 6.570625297440121625e-34
3.858858850000000302e+02 4.413575680595805366e-34
3.868868860000000609e+02 2.961594408107933592e-34
3.878878869999999779e+02 1.985234033429191356e-34
3.888888880000000086e+02 1.329379475024913675e-34
3.898898890000000392e+02 8.892776010231327467e-35
3.908908900000000131e+02 5.942605010460702214e-35
3.918918910000000437e+02 3.967048435588466948e-35
3.928928920000000744e+02 2.645509151404910910e-35
3.938938929999999914e+02 1.762390569776504009e-35
3.948948940000000221e+02 1.172860011696620182e-35
3.958958950000000527e+02 7.797247601053042527e-36
3.968968959999999697e+02 5.178304663725664010e-36
3.978978970000000004e+02 3.435460807258532156e-36
3.988988980000000311e+02 2.276845308936099512e-36
3.998998990000001186e+02 1.507416202787307454e-36
4.009009000000000356e+02 9.969742922917980304e-37
4.019019010000000662e+02 6.586972762236718858e-37
4.029029020000000969e+02 4.347493108905340889e-37
4.039039030000000139e+02 2.866441375001306555e-37
4.049049040000000446e+02 1.887984187096301244e-37
4.059059050000000752e+02 1.242237879601469209e-37
4.069069060000000491e+02 8.165115088568585209e-38
4.079079070000000797e+02 5.361310745879686383e-38
4.089089080000001104e+02 3.516663196899991578e-38
4.099099090000000274e+02 2.304314219349548248e-38
4.109109100000000581e+02 1.508355634896451615e-38
4.119119110000000887e+02 9.863179281907681736e-39
4.129129120000000057e+02 6.442897638092639878e-39
4.139139130000000364e+02 4.204328702673045051e-39
4.149149140000000671e+02 2.740710860673287833e-39
4.159159150000000409e+02 1.784764445971316400e-39
4.169169160000000716e+02 1.161046778683219059e-39
4.179179170000001022e+02 7.545180902169194517e-40
4.189189180000000192e+02 4.898247468840129278e-40
4.199199190000000499e+02 3.176602808971243414e-40
4.209209200000000806e+02 2.057956712181791300e-40
4.219219209999999975e+02 1.331866459487407862e-40
4.229229220000000851e+02 8.610656329178363912e-41
4.239239230000001157e+02 5.561128835644888852e-41
4.249249240000000327e+02 3.587903751282326769e-41
4.259259250000000634e+02 2.312436090056137197e-41
4.269269260000000941e+02 1.488846143360348362e-41
4.279279270000000110e+02 9.575931456275009618e-42
4.289289280000000417e+02 6.152666344532827980e-42
4.299299290000000724e+02 3.949088137048481274e-42
4.309309300000000462e+02 2.532103280549433754e-42
4.319319310000000769e+02 1.621874076290235639e-42
4.329329320000001076e+02 1.037776842562453173e-42
4.339339330000000245e+02 6.633487965880747798e-43
4.349349340000000552e+02 4.235757053742433765e-43
4.359359350000000859e+02 2.701912414810236056e-43
4.369369360000000029e+02 1.721720370579487884e-43
4.379379370000000335e+02 1.095986225352555873e-43
4.389389380000000642e+02 6.969453114207161690e-44
4.399399390000000380e+02 4.427345683810752147e-44
4.409409400000000687e+02 2.809566342193007684e-44
4.419419410000000994e+02 1.781091689819837368e-44
4.429429420000000164e+02 1.127935823260116176e-44
4.439439430000000470e+02 7.135651475568754198e-45
4.449449440000000777e+02 4.509558201621483472e-45
4.459459449999999947e+02 2.846987039090569967e-45
4.469469460000000822e+02 1.795511167237494981e-45
4.479479470000001129e+02 1.131206411786929036e-45
4.489489480000000299e+02 7.119454724933773152e-46
4.499499490000000606e+02 4.476130440249704017e-46
4.509509500000000912e+02 2.811317281742312174e-46
4.519519510000000082e+02 1.763876270202573814e-46
4.529529520000000389e+02 1.105547736838105898e-46
4.539539530000000696e+02 6.922102232323887839e-47
4.549549540000000434e+02 4.329618645914175448e-47
4.559559550000000741e+02 2.705281162074704935e-47
4.569569560000001047e+02 1.688598108407809706e-47
4.579579570000000217e+02 1.052910157684470208e-47
4.589589580000000524e+02 6.558544346364016741e-48
4.599599590000000831e+02 4.081076449449527465e-48
4.609609600000000000e+02 2.536840299896662375e-48
4.619619610000000307e+02 1.575297751220833504e-48
4.629629620000000614e+02 9.771996546440149521e-49
4.639639630000000352e+02 6.055570763748470027e-49
4.649649640000000659e+02 3.748676720510975095e-49
4.659659650000000966e+02 2.318205980307035687e-49
4.669669660000000135e+02 1.432112651669286300e-49
4.679679670000000442e+02 8.837989229385027667e-50
4.689689680000000749e+02 5.448549257077013329e-50
4.699699689999999919e+02 3.355516833621639242e-50
4.709709700000000794e+02 2.064377368307003210e-50
4.719719710000001101e+02 1.268731970241116237e-50
4.729729720000000270e+02 7.789360517501688585e-51
4.739739730000000577e+02 4.777325725190087173e-51
4.749749740000000884e+02 2.926975103080687748e-51
4.759759750000000054e+02 1.791448511360918137e-51
4.769769760000000360e+02 1.095319348866902464e-51
4.779779770000000667e+02 6.690033856382213543e-52
4.789789780000000974e+02 4.081943588873600974e-52
4.799799789999999575e+02 2.488036851236805625e-52
4.809809799999999882e+02 1.514948067528672813e-52
4.819819810000000189e+02 9.214882658356030789e-53
4.829829820000000495e+02 5.599290502051928597e-53
4.839839830000000802e+02 3.398813369176542442e-53
4.849849840000001109e+02 2.060975184320538177e-53
4.859859849999999710e+02 1.248444769707159211e-53
4.869869860000000017e+02 7.554696691912801626e-54
4.879879870000000324e+02 4.566840653169075066e-54
4.889889880000000630e+02 2.757819327511600193e-54
4.899899890000000937e+02 1.663668870250804728e-54
4.909909900000001244e+02 1.002580138449874647e-54
4.919919909999999277e+02 6.035627521236352236e-55
4.929929919999999584e+02 3.629751475698196418e-55
4.939939929999999890e+02 2.180632486233767250e-55
4.949949940000000765e+02 1.308697256488991966e-55
4.959959950000001072e+02 7.845977044382852153e-56
4.969969960000001379e+02 4.699006018488006130e-56
4.979979969999999412e+02 2.811357636816733149e-56
4.989989979999999719e+02 1.680263209684734235e-56
4.999999990000000025e+02 1.003204952227867180e-56
