-7.500000000000000000e+01 8.969336967993625274e-08
-7.484984999999998934e+01 1.167991575925457227e-07
-7.469969999999999288e+01 1.492793150324551268e-07
-7.454954999999999643e+01 1.878586666525721764e-07
-7.439939999999998577e+01 2.332517918743640131e-07
-7.424924999999998931e+01 2.857587212955617759e-07
-7.409909999999999286e+01 3.449426471397805372e-07
-7.394894999999999641e+01 4.101670925169571901e-07
-7.379879999999998574e+01 4.796018096379576120e-07
-7.364864999999998929e+01 5.516029133159147233e-07
-7.349849999999999284e+01 6.232932489630123987e-07
-7.334834999999998217e+01 6.926613815651973884e-07
-7.319819999999999993e+01 7.569727552391353701e-07
-7.304805000000000348e+01 8.143048744562198643e-07
-7.289789999999999281e+01 8.631389019040337338e-07
-7.274774999999999636e+01 9.023356292384819063e-07
-7.259759999999999991e+01 9.313802717437868272e-07
-7.244745000000000346e+01 9.502868694385522009e-07
-7.229729999999999279e+01 9.595328806927307898e-07
-7.214714999999999634e+01 9.597513477536991450e-07
-7.199699999999999989e+01 9.520510236056874893e-07
-7.184684999999998922e+01 9.372738332889401524e-07
-7.169669999999999277e+01 9.169317831671271725e-07
-7.154654999999999632e+01 8.917972770087289397e-07
-7.139639999999999986e+01 8.627962802859228291e-07
-7.124624999999998920e+01 8.309586246076043764e-07
-7.109609999999999275e+01 7.966038275020555243e-07
-7.094594999999999629e+01 7.598449470368243391e-07
-7.079579999999998563e+01 7.216427102584158082e-07
-7.064564999999998918e+01 6.816652487231817048e-07
-7.049549999999999272e+01 6.401959923637628469e-07
-7.034534999999998206e+01 5.970784632363715121e-07
-7.019519999999998561e+01 5.525133458792561185e-07
-7.004504999999998915e+01 5.066955472437210227e-07
-6.989489999999999270e+01 4.597267440484174577e-07
-6.974474999999998204e+01 4.121895181479130612e-07
-6.959459999999999980e+01 3.643330726511637851e-07
-6.944445000000000334e+01 3.167167449482413548e-07
-6.929429999999999268e+01 2.701457059034088176e-07
-6.914414999999999623e+01 2.250492613098883930e-07
-6.899399999999999977e+01 1.823666056887318110e-07
-6.884385000000000332e+01 1.426953700519784816e-07
-6.869369999999999266e+01 1.066837421288814840e-07
-6.854354999999999620e+01 7.503814230848393231e-08
-6.839339999999999975e+01 4.825073861266042854e-08
-6.824324999999998909e+01 2.688504541727107801e-08
-6.809309999999999263e+01 1.142687869047628884e-08
-6.794294999999999618e+01 2.363366573525287124e-09
-6.779279999999998552e+01 1.602193646756781002e-10
-6.764264999999998906e+01 5.276919331936558984e-09
-6.749249999999999261e+01 1.818055587977371500e-08
-6.734234999999999616e+01 3.930580310200046995e-08
-6.719219999999998549e+01 6.905118841675644372e-08
-6.704204999999998904e+01 1.076981184289258714e-07
-6.689189999999999259e+01 1.554319697099534547e-07
-6.674174999999998192e+01 2.122156338747851791e-07
-6.659159999999998547e+01 2.778687315884360534e-07
-6.644145000000000323e+01 3.517815121669481521e-07
-6.629130000000000678e+01 4.331901850749669282e-07
-6.614114999999999611e+01 5.210226380018144802e-07
-6.599099999999999966e+01 6.136972930766688400e-07
-6.584085000000000321e+01 7.093786000683282623e-07
-6.569069999999999254e+01 8.065742213090499377e-07
-6.554054999999999609e+01 9.028644876893636904e-07
-6.539039999999999964e+01 9.966440826011631521e-07
-6.524024999999998897e+01 1.085740554963568353e-06
-6.509009999999999252e+01 1.168977717675549969e-06
-6.493994999999999607e+01 1.244807151223975340e-06
-6.478979999999999961e+01 1.312609935368045214e-06
-6.463964999999998895e+01 1.372077395587662792e-06
-6.448949999999999250e+01 1.423073925979281625e-06
-6.433934999999999604e+01 1.466366248445647978e-06
-6.418919999999998538e+01 1.502333766015627847e-06
-6.403904999999998893e+01 1.531277395524847566e-06
-6.388889999999999247e+01 1.554306066585139753e-06
-6.373874999999998892e+01 1.571295650121237511e-06
-6.358859999999999246e+01 1.583112668481397341e-06
-6.343844999999998890e+01 1.588827832783273062e-06
-6.328829999999998535e+01 1.588763713141447001e-06
-6.313814999999998889e+01 1.582129914538233268e-06
-6.298799999999998533e+01 1.568563298073941487e-06
-6.283784999999998888e+01 1.547044992043263390e-06
-6.268769999999998532e+01 1.516845211465525733e-06
-6.253754999999999598e+01 1.477223892916993712e-06
-6.238739999999999952e+01 1.427366317162109595e-06
-6.223724999999999596e+01 1.367161798835872579e-06
-6.208709999999999951e+01 1.295789191030669807e-06
-6.193694999999999595e+01 1.214497697522616774e-06
-6.178679999999999950e+01 1.123406760243095146e-06
-6.163664999999999594e+01 1.024497407956737173e-06
-6.148649999999999238e+01 9.197604731042192982e-07
-6.133634999999999593e+01 8.119281377859206949e-07
-6.118619999999999237e+01 7.036210984449429225e-07
-6.103604999999999592e+01 5.975561421930460545e-07
-6.088589999999999236e+01 4.960892135480179765e-07
-6.073574999999998880e+01 4.014454386991620181e-07
-6.058559999999999235e+01 3.153249058540517260e-07
-6.043544999999998879e+01 2.388248207446322011e-07
-6.028529999999999234e+01 1.726250204322050650e-07
-6.013514999999998878e+01 1.172121676450394266e-07
-5.998499999999999233e+01 7.254915563354859273e-08
-5.983484999999999587e+01 3.875998842980017478e-08
-5.968469999999999231e+01 1.567577016518740950e-08
-5.953454999999999586e+01 3.047626448718263226e-09
-5.938439999999999230e+01 6.342220703764832177e-10
-5.923424999999999585e+01 8.137015118558556580e-09
-5.908409999999999229e+01 2.524611395220377357e-08
-5.893394999999998873e+01 5.164821735064874381e-08
-5.878379999999999939e+01 8.718086531747629149e-08
-5.863364999999999583e+01 1.314868052145925932e-07
-5.848349999999999937e+01 1.845249907076979429e-07
-5.833334999999999582e+01 2.458835492774214867e-07
-5.818319999999999226e+01 3.153701282019106702e-07
-5.803304999999999580e+01 3.922859742139052879e-07
-5.788289999999999225e+01 4.758378133058767384e-07
-5.773274999999999579e+01 5.650057364566370954e-07
-5.758259999999999224e+01 6.581867193093657634e-07
-5.743244999999999578e+01 7.538075285228020536e-07
-5.728229999999999222e+01 8.499679892002870197e-07
-5.713214999999998867e+01 9.446674147836598388e-07
-5.698199999999999221e+01 1.036152347879056471e-06
-5.683184999999998865e+01 1.122262442077243009e-06
-5.668169999999999220e+01 1.201087495469279211e-06
-5.653154999999998864e+01 1.271137971038745601e-06
-5.638139999999998508e+01 1.330622322448189371e-06
-5.623124999999998863e+01 1.378422065484092145e-06
-5.608109999999999218e+01 1.413513502250780999e-06
-5.593094999999999573e+01 1.435277011874085044e-06
-5.578079999999999217e+01 1.443510300134846709e-06
-5.563064999999999571e+01 1.437828941168927250e-06
-5.548049999999999216e+01 1.419851926365401593e-06
-5.533034999999999570e+01 1.389225469587680493e-06
-5.518019999999999925e+01 1.348169173708409175e-06
-5.503004999999999569e+01 1.297516826832452031e-06
-5.487989999999999924e+01 1.238831502931872858e-06
-5.472974999999999568e+01 1.174090608808345917e-06
-5.457959999999999212e+01 1.105654083145662183e-06
-5.442944999999999567e+01 1.034372407618438409e-06
-5.427929999999999211e+01 9.622629339162905835e-07
-5.412914999999999566e+01 8.904637909416341707e-07
-5.397899999999999210e+01 8.202330725259975141e-07
-5.382884999999998854e+01 7.516911282675109433e-07
-5.367869999999999209e+01 6.854922148459699906e-07
-5.352854999999998853e+01 6.214587959739378890e-07
-5.337839999999999208e+01 5.593582840095627601e-07
-5.322824999999998852e+01 4.989123044376178304e-07
-5.307809999999999206e+01 4.399789252652874546e-07
-5.292794999999998851e+01 3.827133878957112109e-07
-5.277779999999998495e+01 3.269937501367051250e-07
-5.262764999999999560e+01 2.730505078233415542e-07
-5.247749999999999204e+01 2.214166759011475155e-07
-5.232734999999999559e+01 1.726736842942526484e-07
-5.217719999999999203e+01 1.276340850528338725e-07
-5.202704999999998847e+01 8.718521551173119163e-08
-5.187689999999999202e+01 5.273393150335363232e-08
-5.172674999999999557e+01 2.576184718007804673e-08
-5.157659999999999911e+01 7.978857017721294689e-09
-5.142644999999999555e+01 1.036887008105790769e-09
-5.127629999999999910e+01 6.292495498677443405e-09
-5.112614999999999554e+01 2.449421832251490594e-08
-5.097599999999999199e+01 5.555952146770216442e-08
-5.082584999999999553e+01 9.841750156730294155e-08
-5.067569999999999197e+01 1.512084393487878562e-07
-5.052554999999999552e+01 2.113401580005581708e-07
-5.037539999999999196e+01 2.757485144964104618e-07
-5.022524999999998840e+01 3.416092845508146165e-07
-5.007509999999999195e+01 4.062006097515561974e-07
-4.992494999999998839e+01 4.675541691486983908e-07
-4.977479999999999194e+01 5.240672661291706607e-07
-4.962464999999998838e+01 5.752475676989136537e-07
-4.947449999999999193e+01 6.205939081612380837e-07
-4.932434999999998837e+01 6.603881393582664801e-07
-4.917419999999999192e+01 6.943743040564601843e-07
-4.902404999999999546e+01 7.231204801153363208e-07
-4.887389999999999191e+01 7.466604909378004894e-07
-4.872374999999999545e+01 7.651255384881346948e-07
-4.857359999999999189e+01 7.789766468928365326e-07
-4.842344999999998834e+01 7.882658675734857677e-07
-4.827329999999999899e+01 7.934774974833686769e-07
-4.812314999999999543e+01 7.943720831172354192e-07
-4.797299999999999898e+01 7.911858288597880851e-07
-4.782284999999999542e+01 7.838443686293016715e-07
-4.767269999999999186e+01 7.716494599516248939e-07
-4.752254999999999541e+01 7.543259000217816198e-07
-4.737239999999999185e+01 7.314076988300013085e-07
-4.722224999999999540e+01 7.024028283077226538e-07
-4.707209999999999184e+01 6.672911383866976327e-07
-4.692194999999999538e+01 6.260528226467032931e-07
-4.677179999999999183e+01 5.793540214142358357e-07
-4.662164999999998827e+01 5.273330704942421534e-07
-4.647149999999999181e+01 4.708921041641869729e-07
-4.632134999999998826e+01 4.109044600927099124e-07
-4.617119999999999180e+01 3.484120641180850788e-07
-4.602104999999998824e+01 2.850079365094203974e-07
-4.587089999999998469e+01 2.219836420893261717e-07
-4.572074999999999534e+01 1.620763623083235310e-07
-4.557059999999999178e+01 1.078059123205443502e-07
-4.542044999999999533e+01 6.250049506551676046e-08
-4.527029999999999177e+01 2.986899519991245065e-08
-4.512014999999999532e+01 1.414455459380950493e-08
-4.496999999999999176e+01 1.977577606611847131e-08
-4.481984999999999530e+01 5.149167289631901193e-08
-4.466969999999999885e+01 1.142892361175695704e-07
-4.451954999999999529e+01 2.129795853027711018e-07
-4.436939999999999884e+01 3.522691068046730977e-07
-4.421924999999999528e+01 5.361316291262852045e-07
-4.406909999999999172e+01 7.674243424204556672e-07
-4.391894999999999527e+01 1.047423161789715045e-06
-4.376879999999999171e+01 1.375746441914830974e-06
-4.361864999999999526e+01 1.749822589315460113e-06
-4.346849999999999170e+01 2.165702816549402002e-06
-4.331834999999998814e+01 2.617070315177680301e-06
-4.316819999999999169e+01 3.098022671987214780e-06
-4.301804999999998813e+01 3.602162970223651993e-06
-4.286789999999999168e+01 4.124266329913322370e-06
-4.271774999999998812e+01 4.661357446735798852e-06
-4.256759999999999877e+01 5.211149858828160399e-06
-4.241744999999999521e+01 5.776214158749961034e-06
-4.226729999999999166e+01 6.358812554588461332e-06
-4.211714999999999520e+01 6.963210210385912520e-06
-4.196699999999999164e+01 7.596971955525960321e-06
-4.181684999999999519e+01 8.266333118397800573e-06
-4.166669999999999163e+01 8.978271378673198297e-06
-4.151654999999998807e+01 9.741530808403508476e-06
-4.136639999999999162e+01 1.056133865584039320e-05
-4.121624999999998806e+01 1.144479922900683783e-05
-4.106609999999999161e+01 1.239734214225219438e-05
-4.091594999999999516e+01 1.342066177041232390e-05
-4.076579999999999870e+01 1.451489611021536767e-05
-4.061564999999999515e+01 1.567847668908653748e-05
-4.046549999999999159e+01 1.690163146092928099e-05
-4.031534999999999513e+01 1.817602416033530614e-05
-4.016519999999999158e+01 1.948392895508228758e-05
-4.001504999999999512e+01 2.080745573953538994e-05
-3.986489999999999156e+01 2.212474232740439388e-05
-3.971474999999998801e+01 2.341164775741336133e-05
-3.956459999999999155e+01 2.464710875666361377e-05
-3.941444999999998799e+01 2.580755549056706669e-05
-3.926429999999999154e+01 2.687333604545520403e-05
-3.911414999999999509e+01 2.782804270209822056e-05
-3.896399999999999153e+01 2.866029137025613227e-05
-3.881384999999999508e+01 2.936215356854137177e-05
-3.866369999999999152e+01 2.993111371785160113e-05
-3.851354999999999507e+01 3.036796604021769518e-05
-3.836339999999999151e+01 3.067805636202703150e-05
-3.821324999999999505e+01 3.087134457710442875e-05
-3.806309999999999150e+01 3.095589090637711113e-05
-3.791294999999998794e+01 3.094276636483348717e-05
-3.776279999999999148e+01 3.084454440793242221e-05
-3.761264999999998793e+01 3.067064253959638165e-05
-3.746249999999999147e+01 3.043110342622342383e-05
-3.731234999999999502e+01 3.013115569275657600e-05
-3.716219999999999146e+01 2.977645646584810890e-05
-3.701204999999999501e+01 2.936770820888707153e-05
-3.686189999999999145e+01 2.890597698621561398e-05
-3.671174999999999500e+01 2.838643954299662012e-05
-3.656159999999999144e+01 2.780295272247404860e-05
-3.641144999999999499e+01 2.714925351291788997e-05
-3.626129999999999143e+01 2.641906300250039855e-05
-3.611114999999998787e+01 2.560169128441284149e-05
-3.596099999999999142e+01 2.469220881284968827e-05
-3.581084999999998786e+01 2.368437710555705295e-05
-3.566069999999999851e+01 2.257336616568368998e-05
-3.551054999999999495e+01 2.135839196494519941e-05
-3.536039999999999139e+01 2.004343689308861587e-05
-3.521024999999999494e+01 1.863357831217949209e-05
-3.506009999999999138e+01 1.713942023528877682e-05
-3.490994999999999493e+01 1.557582025012568401e-05
-3.475979999999999137e+01 1.396113730913457296e-05
-3.460964999999999492e+01 1.231722688186241251e-05
-3.445949999999999136e+01 1.066859349006055154e-05
-3.430934999999998780e+01 9.042899162210409325e-06
-3.415919999999999135e+01 7.467134118825501725e-06
-3.400904999999998779e+01 5.972007039619033248e-06
-3.385889999999999844e+01 4.584491024580988741e-06
-3.370874999999999488e+01 3.333619220733366623e-06
-3.355859999999999133e+01 2.245702269209875306e-06
-3.340844999999999487e+01 1.345921998816217961e-06
-3.325829999999999131e+01 6.590938921811792267e-07
-3.310814999999999486e+01 2.085474621573392846e-07
-3.295799999999999130e+01 1.702704695950526984e-08
-3.280784999999998774e+01 1.072097233141566648e-07
-3.265769999999999129e+01 5.024194702779119912e-07
-3.250754999999998773e+01 1.226496436255609999e-06
-3.235739999999999128e+01 2.305483006480457172e-06
-3.220724999999998772e+01 3.766853850656439921e-06
-3.205709999999999837e+01 5.640208550707835477e-06
-3.190694999999999482e+01 7.959132357153963605e-06
-3.175679999999999481e+01 1.075808197852693244e-05
-3.160664999999999480e+01 1.407533949610162263e-05
-3.145649999999999125e+01 1.795144174126053578e-05
-3.130634999999999124e+01 2.242952977741077461e-05
-3.115619999999999123e+01 2.755156000646121088e-05
-3.100604999999999123e+01 3.336299808888822034e-05
-3.085589999999999122e+01 3.990423113809838963e-05
-3.070574999999999122e+01 4.721680197131016444e-05
-3.055559999999998766e+01 5.533502745817954038e-05
-3.040544999999999476e+01 6.429281212783977736e-05
-3.025529999999999475e+01 7.411793953757165275e-05
-3.010514999999999475e+01 8.482294352652017429e-05
-2.995499999999999474e+01 9.642824858281427789e-05
-2.980484999999999474e+01 1.089329267000372839e-04
-2.965469999999999118e+01 1.223402100265113710e-04
-2.950454999999999117e+01 1.366420730206104159e-04
-2.935439999999999117e+01 1.518307907095560330e-04
-2.920424999999999116e+01 1.678966663379477975e-04
-2.905409999999999116e+01 1.848271213330432059e-04
-2.890394999999999115e+01 2.026227826789853560e-04
-2.875379999999998759e+01 2.212750785527776434e-04
-2.860364999999999469e+01 2.408024269070676963e-04
-2.845349999999999469e+01 2.612184812038534213e-04
-2.830334999999999468e+01 2.825579931867543680e-04
-2.815319999999999467e+01 3.048608861046410564e-04
-2.800304999999999112e+01 3.281803426530368771e-04
-2.785289999999999111e+01 3.525792046605012199e-04
-2.770274999999999110e+01 3.781279531949600491e-04
-2.755259999999999110e+01 4.048995637280556779e-04
-2.740244999999999109e+01 4.329630891752479912e-04
-2.725229999999999109e+01 4.623850968995891542e-04
-2.710214999999998753e+01 4.932291711816518378e-04
-2.695199999999999463e+01 5.255244563680839262e-04
-2.680184999999999462e+01 5.593027372877133231e-04
-2.665169999999999462e+01 5.945627861962996625e-04
-2.650154999999999461e+01 6.312908923894014783e-04
-2.635139999999999461e+01 6.694386704318270893e-04
-2.620124999999999105e+01 7.089445397322415195e-04
-2.605109999999999104e+01 7.497195947840171052e-04
-2.590094999999999104e+01 7.916657434046089122e-04
-2.575079999999999103e+01 8.346717478362172598e-04
-2.560064999999999102e+01 8.786100909085413748e-04
-2.545049999999999102e+01 9.233758372208043363e-04
-2.530034999999998746e+01 9.688510067724432403e-04
-2.515019999999999456e+01 1.014952571473788819e-03
-2.500004999999999455e+01 1.061605887598578374e-03
-2.484989999999999455e+01 1.108758783144962777e-03
-2.469974999999999454e+01 1.156400936252763604e-03
-2.454959999999999454e+01 1.204528508123332321e-03
-2.439944999999999098e+01 1.253176295563927876e-03
-2.424929999999999097e+01 1.302384110663993774e-03
-2.409914999999999097e+01 1.352226503967562336e-03
-2.394899999999999096e+01 1.402750387423744912e-03
-2.379884999999999096e+01 1.454047887977893451e-03
-2.364869999999999095e+01 1.506167882696632246e-03
-2.349854999999998739e+01 1.559171871121474689e-03
-2.334839999999999449e+01 1.613110055105978873e-03
-2.319824999999999449e+01 1.667989200764315475e-03
-2.304809999999999448e+01 1.723822154803650655e-03
-2.289794999999999447e+01 1.780584686286317475e-03
-2.274779999999999092e+01 1.838240285397078682e-03
-2.259764999999999091e+01 1.896726823558538043e-03
-2.244749999999999091e+01 1.955965276600466537e-03
-2.229734999999999090e+01 2.015857512331793548e-03
-2.214719999999999089e+01 2.076304261439460962e-03
-2.199704999999999089e+01 2.137176750935004463e-03
-2.184689999999998733e+01 2.198343693974792300e-03
-2.169674999999999443e+01 2.259683410273073071e-03
-2.154659999999999442e+01 2.321060660591806307e-03
-2.139644999999999442e+01 2.382310975455193946e-03
-2.124629999999999441e+01 2.443325927848350333e-03
-2.109614999999999441e+01 2.503948057111714861e-03
-2.094599999999999085e+01 2.564028603805004140e-03
-2.079584999999999084e+01 2.623454790158304129e-03
-2.064569999999999084e+01 2.682078374375743146e-03
-2.049554999999999083e+01 2.739812003851811988e-03
-2.034539999999999083e+01 2.796529637072713449e-03
-2.019524999999999082e+01 2.852186973651022698e-03
-2.004509999999998726e+01 2.906708448736736606e-03
-1.989494999999999436e+01 2.960096025449345490e-03
-1.974479999999999436e+01 3.012365396616712484e-03
-1.959464999999999435e+01 3.063557084566803819e-03
-1.944449999999999434e+01 3.113736942143353111e-03
-1.929434999999999079e+01 3.163014376816140373e-03
-1.914419999999999078e+01 3.211500113399225718e-03
-1.899404999999999077e+01 3.259303659173011600e-03
-1.884389999999999077e+01 3.306586241115978125e-03
-1.869374999999999076e+01 3.353409905573115097e-03
-1.854359999999999076e+01 3.399861564052772921e-03
-1.839344999999999075e+01 3.445953047241167438e-03
-1.824329999999998719e+01 3.491680770273023360e-03
-1.809314999999999429e+01 3.536949083042670566e-03
-1.794299999999999429e+01 3.581649923545826304e-03
-1.779284999999999428e+01 3.625585043658316724e-03
-1.764269999999999428e+01 3.668523790445460311e-03
-1.749254999999999072e+01 3.710205117400099031e-03
-1.734239999999999071e+01 3.750353110459135435e-03
-1.719224999999999071e+01 3.788665767424801746e-03
-1.704209999999999070e+01 3.824910150963121286e-03
-1.689194999999999069e+01 3.858828948711388439e-03
-1.674179999999999069e+01 3.890244754598184886e-03
-1.659164999999998713e+01 3.919033471024960941e-03
-1.644149999999999423e+01 3.945145925699368450e-03
-1.629134999999999422e+01 3.968637350707246783e-03
-1.614119999999999422e+01 3.989553701341267029e-03
-1.599104999999999244e+01 4.008091131552194569e-03
-1.584089999999999243e+01 4.024401457807563059e-03
-1.569074999999999243e+01 4.038672430878964548e-03
-1.554059999999999064e+01 4.051094597772926520e-03
-1.539044999999999064e+01 4.061804228110903019e-03
-1.524029999999999063e+01 4.070855311765222105e-03
-1.509014999999998885e+01 4.078255313916568335e-03
-1.493999999999998884e+01 4.083885541418100229e-03
-1.478984999999998884e+01 4.087504872782209836e-03
-1.463969999999999416e+01 4.088785170083393712e-03
-1.448954999999999416e+01 4.087270289500373813e-03
-1.433939999999999415e+01 4.082419403824135914e-03
-1.418924999999999237e+01 4.073551031789678437e-03
-1.403909999999999236e+01 4.059960878027010951e-03
-1.388894999999998525e+01 4.040806828335687453e-03
-1.373879999999999768e+01 4.015226422532387762e-03
-1.358864999999999768e+01 3.982355071660627875e-03
-1.343849999999999589e+01 3.941236368325344054e-03
-1.328834999999999589e+01 3.890952161399106792e-03
-1.313819999999999588e+01 3.830503796609416745e-03
-1.298804999999999588e+01 3.758934966449743384e-03
-1.283789999999999409e+01 3.675255205352035825e-03
-1.268774999999999409e+01 3.578427782633090189e-03
-1.253759999999999408e+01 3.467423958339546468e-03
-1.238744999999999230e+01 3.341174230902088389e-03
-1.223729999999999229e+01 3.198662283376181581e-03
-1.208714999999999229e+01 3.038909682520467021e-03
-1.193699999999999051e+01 2.861136734028881315e-03
-1.178684999999999050e+01 2.664775529986724081e-03
-1.163669999999999050e+01 2.449680263523511259e-03
-1.148654999999998871e+01 2.216356739715193234e-03
-1.133639999999998871e+01 1.966131895430092355e-03
-1.118624999999998870e+01 1.701560443715405312e-03
-1.103609999999998692e+01 1.426788277662597356e-03
-1.088594999999998691e+01 1.148027809746469995e-03
-1.073579999999998691e+01 8.741468648856165913e-04
-1.058564999999998513e+01 6.173722617529708986e-04
-1.043549999999998512e+01 3.940780944936122794e-04
-1.028534999999999755e+01 2.257188835525312110e-04
-1.013519999999999754e+01 1.399115402726310725e-04
-9.985049999999997539e+00 1.716528906488603028e-04
-9.834899999999995757e+00 3.647238196331790473e-04
-9.684749999999995751e+00 7.732418284200815893e-04
-9.534599999999995745e+00 1.463434592836328641e-03
-9.384449999999993963e+00 2.515621602069295897e-03
-9.234299999999993958e+00 4.026372425004086895e-03
-9.084149999999993952e+00 6.110881880643624295e-03
-8.933999999999992170e+00 8.905635400416599470e-03
-8.783849999999992164e+00 1.257114164414910654e-02
-8.633699999999992158e+00 1.729499712084277968e-02
-8.483549999999990376e+00 2.329499974129378009e-02
-8.333399999999990371e+00 3.082239698763636696e-02
-8.183249999999990365e+00 4.016520866309086779e-02
-8.033099999999988583e+00 5.165166623347612618e-02
-7.882949999999988577e+00 6.565320213334344124e-02
-7.732799999999987683e+00 8.258778711383436832e-02
-7.582649999999987678e+00 1.029225341684012751e-01
-7.432499999999986784e+00 1.271761686507517641e-01
-7.282349999999985890e+00 1.559208940413224220e-01
-7.132199999999985884e+00 1.897835813277329309e-01
-6.982049999999984990e+00 2.294460860252761636e-01
-6.831899999999998307e+00 2.756449485794429943e-01
-6.681749999999997414e+00 3.291691693793460938e-01
-6.531599999999996520e+00 3.908577995852549058e-01
-6.381449999999996514e+00 4.615952716716826831e-01
-6.231299999999995620e+00 5.423049346798037851e-01
-6.081149999999994726e+00 6.339417531096843694e-01
-5.930999999999994721e+00 7.374827273318386167e-01
-5.780849999999993827e+00 8.539140486074309200e-01
-5.630699999999992933e+00 9.842187304602142417e-01
-5.480549999999992927e+00 1.129360611799500536e+00
-5.330399999999992033e+00 1.290265588820830089e+00
-5.180249999999992028e+00 1.467804928497346006e+00
-5.030099999999991134e+00 1.662771157822159118e+00
-4.879949999999990240e+00 1.875859630673965439e+00
-4.729799999999990234e+00 2.107643738832503555e+00
-4.579649999999989340e+00 2.358553699002519988e+00
-4.429499999999988447e+00 2.628853182955533274e+00
-4.279349999999988441e+00 2.918620053823913985e+00
-4.129199999999987547e+00 3.227724968427463370e+00
-3.979049999999987097e+00 3.555814637355179109e+00
-3.828899999999986203e+00 3.902297890827271409e+00
-3.678749999999985754e+00 4.266332891090233836e+00
-3.528599999999985304e+00 4.646818537640097446e+00
-3.378449999999984410e+00 5.042391989721340728e+00
-3.228299999999997727e+00 5.451424356154879192e+00
-3.078149999999996833e+00 5.872027217244957242e+00
-2.927999999999996383e+00 6.302057242278821469e+00
-2.777849999999995934e+00 6.739127031972277138e+00
-2.627699999999995040e+00 7.180621391546590182e+00
-2.477549999999994590e+00 7.623713328441503734e+00
-2.327399999999994140e+00 8.065389201680799758e+00
-2.177249999999993246e+00 8.502473507216985027e+00
-2.027099999999992797e+00 8.931659970622341405e+00
-1.876949999999992347e+00 9.349546831538800618e+00
-1.726799999999991675e+00 9.752674029462095717e+00
-1.576649999999991003e+00 1.013756783043363008e+01
-1.426499999999990553e+00 1.050078575024599736e+01
-1.276349999999989882e+00 1.083896560467245607e+01
-1.126199999999989210e+00 1.114887823713903003e+01
-9.760499999999887599e-01 1.142747835184071903e+01
-8.258999999999881991e-01 1.167195854761129148e+01
-6.757499999999875273e-01 1.187979957115586060e+01
-5.255999999999869665e-01 1.204881867525787342e+01
-3.754499999999864057e-01 1.217721253878256782e+01
-2.252999999999857894e-01 1.226359428817207409e+01
-7.514999999998521474e-02 1.230702260494734901e+01
7.500000000001537381e-02 1.230702173045494341e+01
2.251500000000024038e-01 1.226359174848502143e+01
3.753000000000030201e-01 1.217720858929193817e+01
5.254500000000036364e-01 1.204881381175544419e+01
6.756000000000041972e-01 1.187979428646587721e+01
8.257500000000047580e-01 1.167195337956523105e+01
9.759000000000053188e-01 1.142747376723787056e+01
1.126050000000005991e+00 1.114887492139513370e+01
1.276200000000006440e+00 1.083896363748685943e+01
1.426350000000007112e+00 1.050078495505590936e+01
1.576500000000007784e+00 1.013756856711631649e+01
1.726650000000008234e+00 9.752675892512680633e+00
1.876800000000008906e+00 9.349549043113972502e+00
2.026950000000009577e+00 8.931662641367703159e+00
2.177100000000010027e+00 8.502475778881548152e+00
2.327250000000010477e+00 8.065390559218304389e+00
2.477400000000011371e+00 7.623713920830467394e+00
2.627550000000011821e+00 7.180620682778193320e+00
2.777700000000012270e+00 6.739125279724646589e+00
2.927850000000013164e+00 6.302054270855641960e+00
3.078000000000013614e+00 5.872023645796090818e+00
3.228150000000014064e+00 5.451420239141014257e+00
3.378300000000014514e+00 5.042387737086983179e+00
3.528450000000015407e+00 4.646815118715729831e+00
3.678600000000002535e+00 4.266330043268450112e+00
3.828750000000002984e+00 3.902296274528415765e+00
3.978900000000003434e+00 3.555814043475842734e+00
4.129050000000003884e+00 3.227725364396334840e+00
4.279200000000004778e+00 2.918621616802728802e+00
4.429350000000005672e+00 2.628855321108712229e+00
4.579500000000005677e+00 2.358555752615588474e+00
4.729650000000006571e+00 2.107646180437472427e+00
4.879800000000007465e+00 1.875861490565201573e+00
5.029950000000007471e+00 1.662772131869363568e+00
5.180100000000008365e+00 1.467804495765933304e+00
5.330250000000008370e+00 1.290264604956736116e+00
5.480400000000009264e+00 1.129358187352367926e+00
5.630550000000010158e+00 9.842153239665322184e-01
5.780700000000010164e+00 8.539098749819150624e-01
5.930850000000011057e+00 7.374780903366932039e-01
6.081000000000011951e+00 6.339372269612716382e-01
6.231150000000011957e+00 5.423004774715947107e-01
6.381300000000012851e+00 4.615912357932387411e-01
6.531450000000013745e+00 3.908545428441973502e-01
6.681600000000013750e+00 3.291667343513074440e-01
6.831750000000014644e+00 2.756433000625115315e-01
6.981900000000015538e+00 2.294453921323611756e-01
7.132050000000002221e+00 1.897836930070876116e-01
7.282200000000003115e+00 1.559216897969495363e-01
7.432350000000003121e+00 1.271774678060455799e-01
7.582500000000004015e+00 1.029241212779823805e-01
7.732650000000004908e+00 8.258945162312257560e-02
7.882800000000004914e+00 6.565479179319495817e-02
8.032950000000006696e+00 5.165304433595446082e-02
8.183100000000006702e+00 4.016634636982072126e-02
8.333250000000006708e+00 3.082316519469076310e-02
8.483400000000006713e+00 2.329548156928905669e-02
8.633550000000008495e+00 1.729523140550637272e-02
8.783700000000008501e+00 1.257112550782480895e-02
8.933850000000008507e+00 8.905468604066985386e-03
9.084000000000010289e+00 6.110625453519822128e-03
9.234150000000010294e+00 4.026093878815640605e-03
9.384300000000010300e+00 2.515356015944397988e-03
9.534450000000012082e+00 1.463215415198679172e-03
9.684600000000012088e+00 7.730662058418502798e-04
9.834750000000012093e+00 3.646038664145000597e-04
9.984900000000013875e+00 1.715758466853118237e-04
1.013505000000001388e+01 1.398634672543471109e-04
1.028520000000001389e+01 2.256842075665111552e-04
1.043535000000001567e+01 3.940436392898392275e-04
1.058550000000001567e+01 6.173221342110823615e-04
1.073565000000000325e+01 8.740805338616299859e-04
1.088580000000000325e+01 1.147951558270780218e-03
1.103595000000000326e+01 1.426718921376142696e-03
1.118610000000000504e+01 1.701498681199568397e-03
1.133625000000000504e+01 1.966093149095114213e-03
1.148640000000000505e+01 2.216343168082587304e-03
1.163655000000000683e+01 2.449717204979834015e-03
1.178670000000000684e+01 2.664825195866003544e-03
1.193685000000000684e+01 2.861234658230883687e-03
1.208700000000000863e+01 3.039019092948026021e-03
1.223715000000000863e+01 3.198739050515345302e-03
1.238730000000000864e+01 3.341216489939957679e-03
1.253745000000001042e+01 3.467407794725968669e-03
1.268760000000001043e+01 3.578327057541022798e-03
1.283775000000001043e+01 3.675056832836014892e-03
1.298790000000001221e+01 3.758627248107195007e-03
1.313805000000001222e+01 3.830084821657610532e-03
1.328820000000001222e+01 3.890432123732806211e-03
1.343835000000001401e+01 3.940672376597206643e-03
1.358850000000001401e+01 3.981764861920206698e-03
1.373865000000001402e+01 4.014643343754180534e-03
1.388880000000001580e+01 4.040279952354079197e-03
1.403895000000001581e+01 4.059522687893538442e-03
1.418910000000000338e+01 4.073262573510744340e-03
1.433925000000000338e+01 4.082295522009645253e-03
1.448940000000000339e+01 4.087341150243534171e-03
1.463955000000000517e+01 4.089037015096347143e-03
1.478970000000000518e+01 4.087937560266681827e-03
1.493985000000000518e+01 4.084462207960878194e-03
1.509000000000000696e+01 4.078933076764474849e-03
1.524015000000000697e+01 4.071585567883295904e-03
1.539030000000000697e+01 4.062515620809212247e-03
1.554045000000000876e+01 4.051743342260073592e-03
1.569060000000000876e+01 4.039181722313437556e-03
1.584075000000000877e+01 4.024733557105865736e-03
1.599090000000001055e+01 4.008200991674079616e-03
1.614105000000001056e+01 3.989432017030973207e-03
1.629120000000001056e+01 3.968282698824493124e-03
1.644135000000001057e+01 3.944566374085912465e-03
1.659150000000001057e+01 3.918254720608345919e-03
1.674165000000001413e+01 3.889316296131095207e-03
1.689180000000001414e+01 3.857831518843808996e-03
1.704195000000001414e+01 3.823907822736298014e-03
1.719210000000001415e+01 3.787731427474573878e-03
1.734225000000001415e+01 3.749538322452319796e-03
1.749240000000001416e+01 3.709586443085803684e-03
1.764255000000000351e+01 3.668125216664310136e-03
1.779270000000000351e+01 3.625439757541907074e-03
1.794285000000000352e+01 3.581774193475052194e-03
1.809300000000000352e+01 3.537318387078285456e-03
1.824315000000000353e+01 3.492246688272694112e-03
1.839330000000000709e+01 3.446684316088939517e-03
1.854345000000000709e+01 3.400678291138165520e-03
1.869360000000000710e+01 3.354270202848491818e-03
1.884375000000000711e+01 3.307404153891880909e-03
1.899390000000000711e+01 3.260026905119431731e-03
1.914405000000000712e+01 3.212028045814221359e-03
1.929420000000001068e+01 3.163341220369303604e-03
1.944435000000001068e+01 3.113819950807090488e-03
1.959450000000001069e+01 3.063400674270687872e-03
1.974465000000001069e+01 3.011992433280193202e-03
1.989480000000001070e+01 2.959519311074388769e-03
2.004495000000001070e+01 2.905966438047036856e-03
2.019510000000001426e+01 2.851341914659763586e-03
2.034525000000001427e+01 2.795666001290872393e-03
2.049540000000001427e+01 2.738981468578194182e-03
2.064555000000001428e+01 2.681358231290803789e-03
2.079570000000001428e+01 2.622874898817780052e-03
2.094585000000001429e+01 2.563657526184901208e-03
2.109600000000000364e+01 2.503788238735090137e-03
2.124615000000000364e+01 2.443407190934849833e-03
2.139630000000000365e+01 2.382617665652044404e-03
2.154645000000000366e+01 2.321545310712688596e-03
2.169660000000000366e+01 2.260338657570075405e-03
2.184675000000000722e+01 2.199114147023293990e-03
2.199690000000000722e+01 2.137998657222552317e-03
2.214705000000000723e+01 2.077120157628113261e-03
2.229720000000000724e+01 2.016621499013592292e-03
2.244735000000000724e+01 1.956622484418193367e-03
2.259750000000000725e+01 1.897246658433547270e-03
2.274765000000001081e+01 1.838593328968062554e-03
2.289780000000001081e+01 1.780749487984906914e-03
2.304795000000001082e+01 1.723802867528145865e-03
2.319810000000001082e+01 1.667807121984639070e-03
2.334825000000001083e+01 1.612782428672383936e-03
2.349840000000001083e+01 1.558741177030955856e-03
2.364855000000001439e+01 1.505662645174415688e-03
2.379870000000001440e+01 1.453509539335745950e-03
2.394885000000001440e+01 1.402229017776337756e-03
2.409900000000001441e+01 1.351751468916822900e-03
2.424915000000001442e+01 1.302002979723680242e-03
2.439930000000001442e+01 1.252906581045743232e-03
2.454945000000001443e+01 1.204375119825916267e-03
2.469960000000000377e+01 1.156374725389415579e-03
2.484975000000000378e+01 1.108856401692832503e-03
2.499990000000000379e+01 1.061806680990214514e-03
2.515005000000000379e+01 1.015238904560510384e-03
2.530020000000000380e+01 9.691992061251463722e-04
2.545035000000000736e+01 9.237610419393123143e-04
2.560050000000000736e+01 8.790014462225181598e-04
2.575065000000000737e+01 8.350423383400466587e-04
2.590080000000000737e+01 7.919948786766189529e-04
2.605095000000000738e+01 7.499926988525921134e-04
2.620110000000000738e+01 7.091458528832756151e-04
2.635125000000001094e+01 6.695719021489889662e-04
2.650140000000001095e+01 6.313528928452577516e-04
2.665155000000001095e+01 5.945657786417589494e-04
2.680170000000001096e+01 5.592475798785653254e-04
2.695185000000001097e+01 5.254282840696265300e-04
2.710200000000001097e+01 4.931042083698019499e-04
2.725215000000001453e+01 4.622585336771781379e-04
2.740230000000001453e+01 4.328349065037204462e-04
2.755245000000001454e+01 4.047846270529685151e-04
2.770260000000001455e+01 3.780386203526100758e-04
2.785275000000001455e+01 3.525167968512969534e-04
2.800290000000001456e+01 3.281487445533150010e-04
2.815305000000000391e+01 3.048582789587263179e-04
2.830320000000000391e+01 2.825856670916490295e-04
2.845335000000000392e+01 2.612681903614301167e-04
2.860350000000000392e+01 2.408644721942994522e-04
2.875365000000000393e+01 2.213457949661565857e-04
2.890380000000000749e+01 2.026917881261373650e-04
2.905395000000000749e+01 1.848890024772410529e-04
2.920410000000000750e+01 1.679462488932502017e-04
2.935425000000000750e+01 1.518647708170513364e-04
2.950440000000000751e+01 1.366616287789856367e-04
2.965455000000000751e+01 1.223418854673390588e-04
2.980470000000001107e+01 1.089193139765470239e-04
2.995485000000001108e+01 9.640299685774281235e-05
3.010500000000001108e+01 8.478931838509802109e-05
3.025515000000001109e+01 7.407803229260792339e-05
3.040530000000001110e+01 6.425323505466926056e-05
3.055545000000001110e+01 5.529756901524714781e-05
3.070560000000001466e+01 4.718356111696888711e-05
3.085575000000001467e+01 3.987707078324285808e-05
3.100590000000001467e+01 3.334382193132627288e-05
3.115605000000001468e+01 2.754053132620992814e-05
3.130620000000001468e+01 2.242622768591757645e-05
3.145635000000001469e+01 1.795350609394150349e-05
3.160650000000000404e+01 1.408155970204528972e-05
3.175665000000000404e+01 1.076635029053672819e-05
3.190680000000000405e+01 7.968172958946978339e-06
3.205695000000000761e+01 5.649271201170874806e-06
3.220710000000000406e+01 3.774055968611748310e-06
3.235725000000000762e+01 2.310827893127245770e-06
3.250740000000000407e+01 1.229957276084329014e-06
3.265755000000000763e+01 5.040753595172948240e-07
3.280770000000001119e+01 1.079190628710530430e-07
3.295785000000000764e+01 1.731616075478844116e-08
3.310800000000001120e+01 2.092726673457814612e-07
3.325815000000000765e+01 6.610907831189102245e-07
3.340830000000001121e+01 1.349614651707732301e-06
3.355845000000000766e+01 2.251204306622121445e-06
3.370860000000001122e+01 3.341345301040840111e-06
3.385875000000001478e+01 4.594415502421558257e-06
3.400890000000001123e+01 5.982758314212041044e-06
3.415905000000001479e+01 7.479338290478452802e-06
3.430920000000001124e+01 9.054312390143207985e-06
3.445935000000001480e+01 1.067925830168096855e-05
3.460950000000001836e+01 1.232678404405395304e-05
3.475965000000001481e+01 1.396883238489501200e-05
3.490980000000001837e+01 1.558232516208087585e-05
3.505995000000001482e+01 1.714345044273391918e-05
3.521010000000000417e+01 1.863622018249527554e-05
3.536025000000000773e+01 2.004431249269870275e-05
3.551040000000000418e+01 2.135848684224767927e-05
3.566055000000000774e+01 2.257249483176798177e-05
3.581070000000000420e+01 2.368376382783740590e-05
3.596085000000000775e+01 2.469071418798963062e-05
3.611100000000000421e+01 2.560032822293743467e-05
3.626115000000000776e+01 2.641732152435326869e-05
3.641130000000001132e+01 2.714869786610757518e-05
3.656145000000000778e+01 2.780207229512875848e-05
3.671160000000001133e+01 2.838434289132507613e-05
3.686175000000000779e+01 2.890530005235052491e-05
3.701190000000001135e+01 2.936744742201857173e-05
3.716205000000000780e+01 2.977502310306282698e-05
3.731220000000001136e+01 3.012955467722882948e-05
3.746235000000001492e+01 3.043025580463010446e-05
3.761250000000001137e+01 3.067011379714601200e-05
3.776265000000001493e+01 3.084387479179603831e-05
3.791280000000001138e+01 3.094344909530298364e-05
3.806295000000001494e+01 3.095673691805821137e-05
3.821310000000001850e+01 3.087361882808016279e-05
3.836325000000001495e+01 3.068161584723085023e-05
3.851340000000001851e+01 3.037134839006854831e-05
3.866355000000000075e+01 2.993533197322869569e-05
3.881370000000000431e+01 2.936750240125733725e-05
3.896385000000000787e+01 2.866478742172138872e-05
3.911400000000000432e+01 2.783344772641758544e-05
3.926415000000000788e+01 2.687679001723953880e-05
3.941430000000000433e+01 2.580975110268757695e-05
3.956445000000000789e+01 2.464824273953226608e-05
3.971460000000000434e+01 2.341164820449191309e-05
3.986475000000000790e+01 2.212222613008584367e-05
4.001490000000001146e+01 2.080465934096533925e-05
4.016505000000000791e+01 1.947921542921041119e-05
4.031520000000001147e+01 1.817101858928090466e-05
4.046535000000000792e+01 1.689767456074905332e-05
4.061550000000001148e+01 1.567437311922906885e-05
4.076565000000001504e+01 1.451312351586214473e-05
4.091580000000001149e+01 1.341933428734852268e-05
4.106595000000001505e+01 1.239746746354232017e-05
4.121610000000001151e+01 1.144705703838034687e-05
4.136625000000001506e+01 1.056475091321344656e-05
4.151640000000001152e+01 9.745362701751944200e-06
4.166655000000001507e+01 8.983878025326510751e-06
4.181670000000001863e+01 8.271639751961458226e-06
4.196685000000001509e+01 7.601928921766531990e-06
4.211700000000000443e+01 6.967900724819768125e-06
4.226715000000000089e+01 6.361554482446213625e-06
4.241730000000000445e+01 5.778202062350754723e-06
4.256745000000000800e+01 5.211664510888090134e-06
4.271760000000000446e+01 4.659752661033509428e-06
4.286775000000000801e+01 4.121437950554638723e-06
4.301790000000000447e+01 3.597998082047746965e-06
4.316805000000000803e+01 3.093149942941774623e-06
4.331820000000001158e+01 2.611723840771744420e-06
4.346835000000000804e+01 2.160228057592671184e-06
4.361850000000001160e+01 1.745103592927036622e-06
4.376865000000000805e+01 1.371393685200725818e-06
4.391880000000001161e+01 1.043751315650166785e-06
4.406895000000000806e+01 7.645746200774457049e-07
4.421910000000001162e+01 5.344380550709001503e-07
4.436925000000001518e+01 3.513538610991486570e-07
4.451940000000001163e+01 2.127163293981059213e-07
4.466955000000001519e+01 1.144223182899274062e-07
4.481970000000001164e+01 5.188728161118594070e-08
4.496985000000001520e+01 2.014496117397769229e-08
4.512000000000001876e+01 1.433906759775222463e-08
4.527015000000001521e+01 2.981296312126289949e-08
4.542030000000001877e+01 6.215131737088846069e-08
4.557045000000000101e+01 1.072735321496708753e-07
4.572060000000000457e+01 1.614537653358669921e-07
4.587075000000000813e+01 2.214788283189083337e-07
4.602090000000000458e+01 2.845291991436657613e-07
4.617105000000000814e+01 3.484140812764754863e-07
4.632120000000000459e+01 4.112760976144417671e-07
4.647135000000000815e+01 4.717220113268100675e-07
4.662150000000000460e+01 5.285080161945314547e-07
4.677165000000000816e+01 5.808136321185338078e-07
4.692180000000001172e+01 6.277117816294490321e-07
4.707195000000002238e+01 6.689055667704750737e-07
4.722210000000002594e+01 7.040720998941665934e-07
4.737224999999999397e+01 7.327495137961759514e-07
4.752239999999999753e+01 7.554978431219036246e-07
4.767255000000000109e+01 7.725564662106925328e-07
4.782269999999999754e+01 7.843212427127019163e-07
4.797285000000000110e+01 7.915131407307523503e-07
4.812299999999999756e+01 7.945420458738104377e-07
4.827315000000000111e+01 7.934953468409533256e-07
4.842329999999999757e+01 7.884906579310968804e-07
4.857345000000000113e+01 7.792728532331483487e-07
4.872360000000000468e+01 7.657101481830228556e-07
4.887375000000000114e+01 7.474831237216202101e-07
4.902390000000000470e+01 7.242672610344078846e-07
4.917405000000000115e+01 6.958374893539093305e-07
4.932420000000000471e+01 6.619919893286038140e-07
4.947435000000000827e+01 6.223886229689171576e-07
4.962450000000000472e+01 5.771339774893848865e-07
4.977465000000000828e+01 5.258183375410558827e-07
4.992480000000000473e+01 4.689263578435772358e-07
5.007495000000000829e+01 4.073621334020627945e-07
5.022510000000000474e+01 3.424806351804275014e-07
5.037525000000000830e+01 2.762343848079893875e-07
5.052540000000001186e+01 2.114639129167685265e-07
5.067555000000000831e+01 1.510941023892960669e-07
5.082570000000001187e+01 9.820059457994014238e-08
5.097585000000000832e+01 5.519666726980415161e-08
5.112600000000001188e+01 2.410582197807553859e-08
5.127615000000001544e+01 5.978335850420011065e-09
5.142630000000001189e+01 7.808838645271439064e-10
5.157645000000001545e+01 7.757626548766992954e-09
5.172660000000001190e+01 2.558708366478543700e-08
5.187675000000001546e+01 5.244939448434259303e-08
5.202690000000001191e+01 8.680493749230638684e-08
5.217705000000001547e+01 1.269532153474606683e-07
5.232720000000001903e+01 1.717633458036125114e-07
5.247735000000001548e+01 2.202161215902990148e-07
5.262750000000001904e+01 2.714472642100284765e-07
5.277765000000001550e+01 3.252433476951130726e-07
5.292780000000001905e+01 3.809615616486023397e-07
5.307795000000002261e+01 4.385311276199815391e-07
5.322810000000001907e+01 4.976349928082545014e-07
5.337825000000002262e+01 5.585242745917483280e-07
5.352840000000001908e+01 6.213958166449833578e-07
5.367855000000002264e+01 6.860123984049651319e-07
5.382870000000001909e+01 7.532054862806035294e-07
5.397885000000002265e+01 8.222786349854063107e-07
5.412900000000002620e+01 8.933493809102688966e-07
5.427915000000002266e+01 9.654930749035304475e-07
5.442929999999999779e+01 1.037916492039605936e-06
5.457945000000000135e+01 1.108900496624047272e-06
5.472959999999999781e+01 1.177228158352661535e-06
5.487975000000000136e+01 1.240852122246143558e-06
5.502989999999999782e+01 1.298487888308714119e-06
5.518005000000000138e+01 1.347894504449015991e-06
5.533019999999999783e+01 1.387578370534238243e-06
5.548035000000000139e+01 1.416531280188287460e-06
5.563050000000000495e+01 1.433687713653522273e-06
5.578065000000000140e+01 1.438003950339778341e-06
5.593080000000000496e+01 1.428933701343612418e-06
5.608095000000000141e+01 1.407176616860625641e-06
5.623110000000000497e+01 1.372131886833341723e-06
5.638125000000000853e+01 1.325127137461965733e-06
5.653140000000000498e+01 1.266468903088215334e-06
5.668155000000000854e+01 1.198025945176101746e-06
5.683170000000000499e+01 1.120735048984931604e-06
5.698185000000000855e+01 1.036212199319820181e-06
5.713200000000000500e+01 9.461466457507988255e-07
5.728215000000000856e+01 8.527324555918137658e-07
5.743230000000001212e+01 7.574900966182729786e-07
5.758245000000000857e+01 6.624780927417797341e-07
5.773260000000001213e+01 5.696368055273196348e-07
5.788275000000000858e+01 4.803344475448192135e-07
5.803290000000001214e+01 3.964690619553865510e-07
5.818305000000000859e+01 3.187465225663079662e-07
5.833320000000001215e+01 2.485073957917762963e-07
5.848335000000001571e+01 1.862983263476844028e-07
5.863350000000001216e+01 1.325218846932855914e-07
5.878365000000001572e+01 8.748854309562890141e-08
5.893380000000001218e+01 5.151796170704075079e-08
5.908395000000001573e+01 2.489596275521650593e-08
5.923410000000001929e+01 7.872592903771355983e-09
5.938425000000001575e+01 6.877314943853527990e-10
5.953440000000001930e+01 3.579796839596296125e-09
5.968455000000001576e+01 1.676297692621552764e-08
5.983470000000001932e+01 4.038905771791772344e-08
5.998485000000001577e+01 7.461916758109015671e-08
6.013500000000001933e+01 1.193633362114236417e-07
6.028515000000002289e+01 1.747054928284171877e-07
6.043530000000001934e+01 2.405182680585943540e-07
6.058545000000002290e+01 3.163615657625517020e-07
6.073560000000001935e+01 4.014596533286586913e-07
6.088575000000002291e+01 4.949916342813130475e-07
6.103590000000002647e+01 5.953252142238234014e-07
6.118605000000002292e+01 7.004692910636008393e-07
6.133619999999999806e+01 8.078091522890866006e-07
6.148634999999999451e+01 9.152329911880038009e-07
6.163649999999999807e+01 1.019474756429600344e-06
6.178665000000000163e+01 1.118641994983422031e-06
6.193679999999999808e+01 1.209956396217387266e-06
6.208695000000000164e+01 1.292353758692508384e-06
6.223709999999999809e+01 1.364532211293425001e-06
6.238725000000000165e+01 1.425971172213012288e-06
6.253740000000000521e+01 1.476773249543235940e-06
6.268755000000000166e+01 1.517596603303354205e-06
6.283770000000000522e+01 1.548431802887606912e-06
6.298785000000000167e+01 1.570481290169627174e-06
6.313800000000000523e+01 1.584253520076730358e-06
6.328815000000000168e+01 1.590812539640599306e-06
6.343830000000000524e+01 1.590590015680146869e-06
6.358845000000000880e+01 1.583969546503723144e-06
6.373860000000000525e+01 1.571622506722811144e-06
6.388875000000000881e+01 1.553616369872613152e-06
6.403890000000001237e+01 1.529715102625724503e-06
6.418905000000000882e+01 1.500222238432684164e-06
6.433920000000000528e+01 1.463779459053069147e-06
6.448935000000001594e+01 1.420264927751062757e-06
6.463950000000001239e+01 1.369277113051530149e-06
6.478965000000000884e+01 1.310120588378416942e-06
6.493980000000000530e+01 1.242776724475068000e-06
6.508995000000001596e+01 1.167629077806559563e-06
6.524010000000001241e+01 1.085295897743650514e-06
6.539025000000000887e+01 9.969588113941427770e-07
6.554040000000001953e+01 9.038551696577212361e-07
6.569055000000001598e+01 8.080199522889287515e-07
6.584070000000001244e+01 7.111921890705362492e-07
6.599085000000000889e+01 6.155115138327891550e-07
6.614100000000001955e+01 5.227862155669400819e-07
6.629115000000001601e+01 4.347565235857518671e-07
6.644130000000001246e+01 3.529610800483026417e-07
6.659145000000002312e+01 2.785694480124047397e-07
6.674160000000001958e+01 2.124477394487630884e-07
6.689175000000001603e+01 1.552819197826243479e-07
6.704190000000002669e+01 1.072111576903087109e-07
6.719205000000002315e+01 6.843896326060427740e-08
6.734220000000001960e+01 3.871476277920988410e-08
6.749235000000001605e+01 1.773967911212380821e-08
6.764250000000002672e+01 4.980805515486813022e-09
6.779265000000002317e+01 9.666480357696105488e-11
6.794280000000001962e+01 2.519426418537920249e-09
6.809295000000003029e+01 1.175128568847279369e-08
6.824310000000002674e+01 2.727745122260890241e-08
6.839324999999999477e+01 4.859674268215324480e-08
6.854340000000000543e+01 7.525640312579436030e-08
6.869355000000000189e+01 1.065705171277427098e-07
6.884369999999999834e+01 1.422221658030604801e-07
6.899384999999999479e+01 1.815046548115233924e-07
6.914400000000000546e+01 2.236867877730651116e-07
6.929415000000000191e+01 2.682997965196997000e-07
6.944429999999999836e+01 3.146393756746404869e-07
6.959445000000000903e+01 3.619842510013172202e-07
6.974460000000000548e+01 4.097282697453602715e-07
6.989475000000000193e+01 4.573686388368176319e-07
7.004489999999999839e+01 5.044786483423007783e-07
7.019505000000000905e+01 5.506723547736547573e-07
7.034520000000000550e+01 5.955084242269346492e-07
7.049535000000000196e+01 6.390676418032118931e-07
7.064550000000001262e+01 6.810485292754126418e-07
7.079565000000000907e+01 7.214963440344287870e-07
7.094580000000000553e+01 7.601705893689554578e-07
7.109595000000000198e+01 7.970551089121306658e-07
7.124610000000001264e+01 8.317860367380425504e-07
7.139625000000000909e+01 8.638178589391307080e-07
7.154640000000000555e+01 8.928610303297603488e-07
7.169655000000001621e+01 9.178714883820885660e-07
7.184670000000001266e+01 9.380247374871178574e-07
7.199685000000000912e+01 9.525201979876976793e-07
7.214700000000000557e+01 9.599247100398355043e-07
7.229715000000001623e+01 9.596060232666813628e-07
7.244730000000001269e+01 9.499900231432775580e-07
7.259745000000000914e+01 9.307809913901071869e-07
7.274760000000001980e+01 9.014622880934806355e-07
7.289775000000001626e+01 8.622141777833100771e-07
7.304790000000001271e+01 8.134138155689823627e-07
7.319805000000002337e+01 7.559586380306761818e-07
7.334820000000001983e+01 6.915338214111428470e-07
7.349835000000001628e+01 6.223775655839207968e-07
7.364850000000001273e+01 5.505116958520023094e-07
7.379865000000002340e+01 4.789331306621611108e-07
7.394880000000001985e+01 4.095230781906844000e-07
7.409895000000001630e+01 3.446012467128847085e-07
7.424910000000002697e+01 2.854024840624083410e-07
7.439925000000002342e+01 2.330681330398538918e-07
7.454940000000001987e+01 1.878760786877784441e-07
7.469955000000001633e+01 1.493682218259472520e-07
7.484970000000002699e+01 1.170164924699711007e-07
7.499985000000002344e+01 8.990432930431639683e-08
