-7.500000000000000000e+01 5.643827271618986691e-06
-7.484984999999998934e+01 5.666932288607269396e-06
-7.469969999999999288e+01 5.691983436200869988e-06
-7.454954999999999643e+01 5.718729210224620283e-06
-7.439939999999998577e+01 5.746477055747825319e-06
-7.424924999999998931e+01 5.774335324998787954e-06
-7.409909999999999286e+01 5.802058913684947511e-06
-7.394894999999999641e+01 5.828423141824642425e-06
-7.379879999999998574e+01 5.853237941390269176e-06
-7.364864999999998929e+01 5.875555328460226741e-06
-7.349849999999999284e+01 5.895562763192577662e-06
-7.334834999999998217e+01 5.912815823325230865e-06
-7.319819999999999993e+01 5.927798231296216167e-06
-7.304805000000000348e+01 5.940879478018302307e-06
-7.289789999999999281e+01 5.952441956906703994e-06
-7.274774999999999636e+01 5.963534739964398332e-06
-7.259759999999999991e+01 5.975017326437642368e-06
-7.244745000000000346e+01 5.987925967637043897e-06
-7.229729999999999279e+01 6.003026444796775682e-06
-7.214714999999999634e+01 6.021267258993308632e-06
-7.199699999999999989e+01 6.043347511070335384e-06
-7.184684999999998922e+01 6.069903795784533356e-06
-7.169669999999999277e+01 6.101048895024528092e-06
-7.154654999999999632e+01 6.137072843281193689e-06
-7.139639999999999986e+01 6.177992284118981382e-06
-7.124624999999998920e+01 6.222974586518990954e-06
-7.109609999999999275e+01 6.271823218367530959e-06
-7.094594999999999629e+01 6.324007252490559533e-06
-7.079579999999998563e+01 6.378327036192208519e-06
-7.064564999999998918e+01 6.434049418474275821e-06
-7.049549999999999272e+01 6.490294956860717032e-06
-7.034534999999998206e+01 6.546281574911142943e-06
-7.019519999999998561e+01 6.601308948786994052e-06
-7.004504999999998915e+01 6.654728745679888340e-06
-6.989489999999999270e+01 6.706277495023272079e-06
-6.974474999999998204e+01 6.755747411572388125e-06
-6.959459999999999980e+01 6.803352584251943915e-06
-6.944445000000000334e+01 6.849298001957451801e-06
-6.929429999999999268e+01 6.893701318580916873e-06
-6.914414999999999623e+01 6.937605578665439231e-06
-6.899399999999999977e+01 6.981323756047631801e-06
-6.884385000000000332e+01 7.025450381202594412e-06
-6.869369999999999266e+01 7.070674760675035965e-06
-6.854354999999999620e+01 7.117561964522880989e-06
-6.839339999999999975e+01 7.166605717721256611e-06
-6.824324999999998909e+01 7.218341315106645724e-06
-6.809309999999999263e+01 7.273135054582225224e-06
-6.794294999999999618e+01 7.331219262847805436e-06
-6.779279999999998552e+01 7.392916316970167270e-06
-6.764264999999998906e+01 7.458271508498814108e-06
-6.749249999999999261e+01 7.527413431773604761e-06
-6.734234999999999616e+01 7.600486148790133141e-06
-6.719219999999998549e+01 7.677552948976267282e-06
-6.704204999999998904e+01 7.758481603213400414e-06
-6.689189999999999259e+01 7.843590976320109043e-06
-6.674174999999998192e+01 7.932864076315447371e-06
-6.659159999999998547e+01 8.026421702410673002e-06
-6.644145000000000323e+01 8.124101845349689595e-06
-6.629130000000000678e+01 8.226229126946208749e-06
-6.614114999999999611e+01 8.332536163529766855e-06
-6.599099999999999966e+01 8.442908067546913740e-06
-6.584085000000000321e+01 8.556991406980162744e-06
-6.569069999999999254e+01 8.674756474799641260e-06
-6.554054999999999609e+01 8.795452219913632081e-06
-6.539039999999999964e+01 8.918873612701741231e-06
-6.524024999999998897e+01 9.044150361319935763e-06
-6.509009999999999252e+01 9.170936273957523647e-06
-6.493994999999999607e+01 9.298329076217865766e-06
-6.478979999999999961e+01 9.425698199395063950e-06
-6.463964999999998895e+01 9.552564531449596626e-06
-6.448949999999999250e+01 9.678420171383107030e-06
-6.433934999999999604e+01 9.802982210823049680e-06
-6.418919999999998538e+01 9.925952695670014445e-06
-6.403904999999998893e+01 1.004749132519434464e-05
-6.388889999999999247e+01 1.016761527867036009e-05
-6.373874999999998892e+01 1.028684401217098918e-05
-6.358859999999999246e+01 1.040582175915359271e-05
-6.343844999999998890e+01 1.052461253716049247e-05
-6.328829999999998535e+01 1.064407747068150332e-05
-6.313814999999998889e+01 1.076439404988072000e-05
-6.298799999999998533e+01 1.088616317633305536e-05
-6.283784999999998888e+01 1.100962553073162437e-05
-6.268769999999998532e+01 1.113460195455794163e-05
-6.253754999999999598e+01 1.126091445906492431e-05
-6.238739999999999952e+01 1.138826138029221702e-05
-6.223724999999999596e+01 1.151591554254167247e-05
-6.208709999999999951e+01 1.164261785910074675e-05
-6.193694999999999595e+01 1.176783052511167356e-05
-6.178679999999999950e+01 1.188974751892454796e-05
-6.163664999999999594e+01 1.200761159573535827e-05
-6.148649999999999238e+01 1.211984709310765114e-05
-6.133634999999999593e+01 1.222585032097104906e-05
-6.118619999999999237e+01 1.232446944414206355e-05
-6.103604999999999592e+01 1.241536847295531229e-05
-6.088589999999999236e+01 1.249815366119707617e-05
-6.073574999999998880e+01 1.257306106004817134e-05
-6.058559999999999235e+01 1.264075775464338253e-05
-6.043544999999998879e+01 1.270233686757457753e-05
-6.028529999999999234e+01 1.275848427573372337e-05
-6.013514999999998878e+01 1.281130845818443172e-05
-5.998499999999999233e+01 1.286198506967998852e-05
-5.983484999999999587e+01 1.291237548441625045e-05
-5.968469999999999231e+01 1.296421797168995447e-05
-5.953454999999999586e+01 1.301883115561714335e-05
-5.938439999999999230e+01 1.307762779039046881e-05
-5.923424999999999585e+01 1.314199161240242470e-05
-5.908409999999999229e+01 1.321270396013703945e-05
-5.893394999999998873e+01 1.329005850911175009e-05
-5.878379999999999939e+01 1.337433607514401307e-05
-5.863364999999999583e+01 1.346563333031867230e-05
-5.848349999999999937e+01 1.356323478337517088e-05
-5.833334999999999582e+01 1.366697318693663178e-05
-5.818319999999999226e+01 1.377568883917311484e-05
-5.803304999999999580e+01 1.388890374337564709e-05
-5.788289999999999225e+01 1.400557289502413179e-05
-5.773274999999999579e+01 1.412509122632692403e-05
-5.758259999999999224e+01 1.424713529072667999e-05
-5.743244999999999578e+01 1.437099678204307809e-05
-5.728229999999999222e+01 1.449711437360370412e-05
-5.713214999999998867e+01 1.462564515967734621e-05
-5.698199999999999221e+01 1.475691675069716751e-05
-5.683184999999998865e+01 1.489186619189233858e-05
-5.668169999999999220e+01 1.503181218272895079e-05
-5.653154999999998864e+01 1.517770752174485625e-05
-5.638139999999998508e+01 1.533096861011779317e-05
-5.623124999999998863e+01 1.549286638082294921e-05
-5.608109999999999218e+01 1.566460736801934407e-05
-5.593094999999999573e+01 1.584707938733123154e-05
-5.578079999999999217e+01 1.604120991437842214e-05
-5.563064999999999571e+01 1.624781426549382960e-05
-5.548049999999999216e+01 1.646630939669756381e-05
-5.533034999999999570e+01 1.669734361045829629e-05
-5.518019999999999925e+01 1.693946858524091316e-05
-5.503004999999999569e+01 1.719236249239089196e-05
-5.487989999999999924e+01 1.745499936497851997e-05
-5.472974999999999568e+01 1.772603928908254918e-05
-5.457959999999999212e+01 1.800326770648140654e-05
-5.442944999999999567e+01 1.828624891952834489e-05
-5.427929999999999211e+01 1.857348413022575964e-05
-5.412914999999999566e+01 1.886369321973897906e-05
-5.397899999999999210e+01 1.915591033917139730e-05
-5.382884999999998854e+01 1.945025640104220137e-05
-5.367869999999999209e+01 1.974644896607291716e-05
-5.352854999999998853e+01 2.004486301529657198e-05
-5.337839999999999208e+01 2.034675973250671437e-05
-5.322824999999998852e+01 2.065337478520540022e-05
-5.307809999999999206e+01 2.096650154733658943e-05
-5.292794999999998851e+01 2.128736709714486558e-05
-5.277779999999998495e+01 2.161854258544004335e-05
-5.262764999999999560e+01 2.196188375885864102e-05
-5.247749999999999204e+01 2.231949412228846977e-05
-5.232734999999999559e+01 2.269227494546681388e-05
-5.217719999999999203e+01 2.308143971673530111e-05
-5.202704999999998847e+01 2.348824913533584507e-05
-5.187689999999999202e+01 2.391204811870717360e-05
-5.172674999999999557e+01 2.435303607773368461e-05
-5.157659999999999911e+01 2.481018863157663124e-05
-5.142644999999999555e+01 2.528207526360753385e-05
-5.127629999999999910e+01 2.576685981194295409e-05
-5.112614999999999554e+01 2.626227064546170350e-05
-5.097599999999999199e+01 2.676628084893708763e-05
-5.082584999999999553e+01 2.727597138615564442e-05
-5.067569999999999197e+01 2.778924021038701339e-05
-5.052554999999999552e+01 2.830408694161318212e-05
-5.037539999999999196e+01 2.881841507858699461e-05
-5.022524999999998840e+01 2.933127889886630652e-05
-5.007509999999999195e+01 2.984181103618931621e-05
-4.992494999999998839e+01 3.034995163736015138e-05
-4.977479999999999194e+01 3.085574784168071405e-05
-4.962464999999998838e+01 3.136036173693950666e-05
-4.947449999999999193e+01 3.186537209286907006e-05
-4.932434999999998837e+01 3.237268538124255158e-05
-4.917419999999999192e+01 3.288358498374674931e-05
-4.902404999999999546e+01 3.340105028224270555e-05
-4.887389999999999191e+01 3.392648503631466074e-05
-4.872374999999999545e+01 3.446166062310245361e-05
-4.857359999999999189e+01 3.500810992159554227e-05
-4.842344999999998834e+01 3.556673677779225047e-05
-4.827329999999999899e+01 3.613838333477558252e-05
-4.812314999999999543e+01 3.672201986515457044e-05
-4.797299999999999898e+01 3.731755870792920042e-05
-4.782284999999999542e+01 3.792361666756319407e-05
-4.767269999999999186e+01 3.853783850169070915e-05
-4.752254999999999541e+01 3.915821612227818891e-05
-4.737239999999999185e+01 3.978194671835452614e-05
-4.722224999999999540e+01 4.040556595894773356e-05
-4.707209999999999184e+01 4.102608948148661573e-05
-4.692194999999999538e+01 4.163996419181276165e-05
-4.677179999999999183e+01 4.224512159861118466e-05
-4.662164999999998827e+01 4.283761003665859525e-05
-4.647149999999999181e+01 4.341633296503644840e-05
-4.632134999999998826e+01 4.397903152681102858e-05
-4.617119999999999180e+01 4.452514982656999906e-05
-4.602104999999998824e+01 4.505466203414129281e-05
-4.587089999999998469e+01 4.556677446754272653e-05
-4.572074999999999534e+01 4.606393195721523293e-05
-4.557059999999999178e+01 4.654731869776280762e-05
-4.542044999999999533e+01 4.701926609239123604e-05
-4.527029999999999177e+01 4.748215686812168627e-05
-4.512014999999999532e+01 4.793947838359962976e-05
-4.496999999999999176e+01 4.839325359577706376e-05
-4.481984999999999530e+01 4.884719271795270223e-05
-4.466969999999999885e+01 4.930294436381664849e-05
-4.451954999999999529e+01 4.976350020117803518e-05
-4.436939999999999884e+01 5.022954125960922485e-05
-4.421924999999999528e+01 5.070148453256468642e-05
-4.406909999999999172e+01 5.118017086782124958e-05
-4.391894999999999527e+01 5.166429282026219053e-05
-4.376879999999999171e+01 5.215196542562527634e-05
-4.361864999999999526e+01 5.264112657748217184e-05
-4.346849999999999170e+01 5.312814904511644877e-05
-4.331834999999998814e+01 5.361099684769838437e-05
-4.316819999999999169e+01 5.408538134717119547e-05
-4.301804999999998813e+01 5.454787467008009606e-05
-4.286789999999999168e+01 5.499558587393834377e-05
-4.271774999999998812e+01 5.542518665662366856e-05
-4.256759999999999877e+01 5.583557231032033354e-05
-4.241744999999999521e+01 5.622431397295543198e-05
-4.226729999999999166e+01 5.659221592339783050e-05
-4.211714999999999520e+01 5.693996609770630144e-05
-4.196699999999999164e+01 5.726823142557311685e-05
-4.181684999999999519e+01 5.758048979880211733e-05
-4.166669999999999163e+01 5.788019609971001240e-05
-4.151654999999998807e+01 5.816980192055079519e-05
-4.136639999999999162e+01 5.845451361921904138e-05
-4.121624999999998806e+01 5.873790120147262924e-05
-4.106609999999999161e+01 5.902277610921976327e-05
-4.091594999999999516e+01 5.931290405020628911e-05
-4.076579999999999870e+01 5.961048062411929995e-05
-4.061564999999999515e+01 5.991621986859157497e-05
-4.046549999999999159e+01 6.023209312040859613e-05
-4.031534999999999513e+01 6.055603382538175296e-05
-4.016519999999999158e+01 6.088774640046671727e-05
-4.001504999999999512e+01 6.122522136136899747e-05
-3.986489999999999156e+01 6.156602322940452434e-05
-3.971474999999998801e+01 6.190730219770288530e-05
-3.956459999999999155e+01 6.224554497594844053e-05
-3.941444999999998799e+01 6.257845507660386491e-05
-3.926429999999999154e+01 6.290368444623225239e-05
-3.911414999999999509e+01 6.322022072660178551e-05
-3.896399999999999153e+01 6.352611204389369557e-05
-3.881384999999999508e+01 6.382199511287782586e-05
-3.866369999999999152e+01 6.410860886607676866e-05
-3.851354999999999507e+01 6.438785564858542411e-05
-3.836339999999999151e+01 6.466233055391958919e-05
-3.821324999999999505e+01 6.493428871560182622e-05
-3.806309999999999150e+01 6.520756021815595068e-05
-3.791294999999998794e+01 6.548583890186202656e-05
-3.776279999999999148e+01 6.577212361130370811e-05
-3.761264999999998793e+01 6.606984186622073146e-05
-3.746249999999999147e+01 6.638101930907419656e-05
-3.731234999999999502e+01 6.670863915672372148e-05
-3.716219999999999146e+01 6.705380947212258812e-05
-3.701204999999999501e+01 6.741844033941197113e-05
-3.686189999999999145e+01 6.780187025161791669e-05
-3.671174999999999500e+01 6.820586191202802516e-05
-3.656159999999999144e+01 6.863083315666697391e-05
-3.641144999999999499e+01 6.907641359501678327e-05
-3.626129999999999143e+01 6.954280616987421678e-05
-3.611114999999998787e+01 7.003189970864799087e-05
-3.596099999999999142e+01 7.054434856603384576e-05
-3.581084999999998786e+01 7.108179726045431627e-05
-3.566069999999999851e+01 7.164743072784140153e-05
-3.551054999999999495e+01 7.224435796923539825e-05
-3.536039999999999139e+01 7.287517140128790707e-05
-3.521024999999999494e+01 7.354514567986853335e-05
-3.506009999999999138e+01 7.425750565339773806e-05
-3.490994999999999493e+01 7.501648976254684435e-05
-3.475979999999999137e+01 7.582607436697376283e-05
-3.460964999999999492e+01 7.669060104385578473e-05
-3.445949999999999136e+01 7.761220608316606387e-05
-3.430934999999998780e+01 7.859409855760810611e-05
-3.415919999999999135e+01 7.963911388875620132e-05
-3.400904999999998779e+01 8.074709998104445782e-05
-3.385889999999999844e+01 8.192078874553442296e-05
-3.370874999999999488e+01 8.315958005311684771e-05
-3.355859999999999133e+01 8.446390381377826201e-05
-3.340844999999999487e+01 8.583489315556058362e-05
-3.325829999999999131e+01 8.727151779155775701e-05
-3.310814999999999486e+01 8.877404603003114653e-05
-3.295799999999999130e+01 9.034421219837837657e-05
-3.280784999999998774e+01 9.198242337535816979e-05
-3.265769999999999129e+01 9.369163357811218331e-05
-3.250754999999998773e+01 9.547404773459934179e-05
-3.235739999999999128e+01 9.733363476554389080e-05
-3.220724999999998772e+01 9.927466358664568718e-05
-3.205709999999999837e+01 1.013012183701273713e-04
-3.190694999999999482e+01 1.034202544205171611e-04
-3.175679999999999481e+01 1.056366101458161035e-04
-3.160664999999999480e+01 1.079556480582047616e-04
-3.145649999999999125e+01 1.103839029477949744e-04
-3.130634999999999124e+01 1.129279116542868903e-04
-3.115619999999999123e+01 1.155925294496822845e-04
-3.100604999999999123e+01 1.183833856281503921e-04
-3.085589999999999122e+01 1.213046327984835783e-04
-3.070574999999999122e+01 1.243613999053828402e-04
-3.055559999999998766e+01 1.275569467728073121e-04
-3.040544999999999476e+01 1.308955193140812798e-04
-3.025529999999999475e+01 1.343815827198020037e-04
-3.010514999999999475e+01 1.380155657374457809e-04
-2.995499999999999474e+01 1.418028815174584298e-04
-2.980484999999999474e+01 1.457462746365835861e-04
-2.965469999999999118e+01 1.498500499854330665e-04
-2.950454999999999117e+01 1.541178617707385657e-04
-2.935439999999999117e+01 1.585546097133109405e-04
-2.920424999999999116e+01 1.631664783646332134e-04
-2.905409999999999116e+01 1.679588311078272062e-04
-2.890394999999999115e+01 1.729408579687434489e-04
-2.875379999999998759e+01 1.781185553741619469e-04
-2.860364999999999469e+01 1.835030341791798125e-04
-2.845349999999999469e+01 1.891029322427529300e-04
-2.830334999999999468e+01 1.949307835077157981e-04
-2.815319999999999467e+01 2.009973290251173867e-04
-2.800304999999999112e+01 2.073150975594403606e-04
-2.785289999999999111e+01 2.138977839731606701e-04
-2.770274999999999110e+01 2.207586997481438581e-04
-2.755259999999999110e+01 2.279128276580841674e-04
-2.740244999999999109e+01 2.353738696525490681e-04
-2.725229999999999109e+01 2.431568245812317061e-04
-2.710214999999998753e+01 2.512774019771604338e-04
-2.695199999999999463e+01 2.597493742312109982e-04
-2.680184999999999462e+01 2.685887605745144991e-04
-2.665169999999999462e+01 2.778100398450259584e-04
-2.650154999999999461e+01 2.874305578299035571e-04
-2.635139999999999461e+01 2.974643862104887708e-04
-2.620124999999999105e+01 3.079286835144270343e-04
-2.605109999999999104e+01 3.188385366403037537e-04
-2.590094999999999104e+01 3.302139724918247443e-04
-2.575079999999999103e+01 3.420731122302761548e-04
-2.560064999999999102e+01 3.544347105216226999e-04
-2.545049999999999102e+01 3.673214634982266587e-04
-2.530034999999998746e+01 3.807542299989622792e-04
-2.515019999999999456e+01 3.947596859630424508e-04
-2.500004999999999455e+01 4.093633428016578185e-04
-2.484989999999999455e+01 4.245922541575300945e-04
-2.469974999999999454e+01 4.404773678094370325e-04
-2.454959999999999454e+01 4.570494439000827151e-04
-2.439944999999999098e+01 4.743411983660521854e-04
-2.424929999999999097e+01 4.923845758667750629e-04
-2.409914999999999097e+01 5.112181797761814871e-04
-2.394899999999999096e+01 5.308725272386446113e-04
-2.379884999999999096e+01 5.513879135565970951e-04
-2.364869999999999095e+01 5.727985547003282187e-04
-2.349854999999998739e+01 5.951410952618920022e-04
-2.334839999999999449e+01 6.184558136163110023e-04
-2.319824999999999449e+01 6.427783657050438210e-04
-2.304809999999999448e+01 6.681492270909064526e-04
-2.289794999999999447e+01 6.946099203810408070e-04
-2.274779999999999092e+01 7.222032921164932501e-04
-2.259764999999999091e+01 7.509749460614317329e-04
-2.244749999999999091e+01 7.809752377122162808e-04
-2.229734999999999090e+01 8.122555730078050585e-04
-2.214719999999999089e+01 8.448757027208180902e-04
-2.199704999999999089e+01 8.788940281772112881e-04
-2.184689999999998733e+01 9.143799538434956107e-04
-2.169674999999999443e+01 9.514043877464929948e-04
-2.154659999999999442e+01 9.900461510990174810e-04
-2.139644999999999442e+01 1.030382064937700442e-03
-2.124629999999999441e+01 1.072505923798885985e-03
-2.109614999999999441e+01 1.116506670750181708e-03
-2.094599999999999085e+01 1.162478097020389111e-03
-2.079584999999999084e+01 1.210523491078985010e-03
-2.064569999999999084e+01 1.260747728215618445e-03
-2.049554999999999083e+01 1.313262025896842549e-03
-2.034539999999999083e+01 1.368178682966505241e-03
-2.019524999999999082e+01 1.425621498108243851e-03
-2.004509999999998726e+01 1.485713317682116558e-03
-1.989494999999999436e+01 1.548593210079503941e-03
-1.974479999999999436e+01 1.614405437655193083e-03
-1.959464999999999435e+01 1.683302686572920931e-03
-1.944449999999999434e+01 1.755447088086821514e-03
-1.929434999999999079e+01 1.831021056287366212e-03
-1.914419999999999078e+01 1.910214496575376661e-03
-1.899404999999999077e+01 1.993234048118389459e-03
-1.884389999999999077e+01 2.080309667106710822e-03
-1.869374999999999076e+01 2.171681469818380773e-03
-1.854359999999999076e+01 2.267609831976663201e-03
-1.839344999999999075e+01 2.368380058231273760e-03
-1.824329999999998719e+01 2.474295133805090325e-03
-1.809314999999999429e+01 2.585685836723815561e-03
-1.794299999999999429e+01 2.702906758146472396e-03
-1.779284999999999428e+01 2.826338095770243152e-03
-1.764269999999999428e+01 2.956395202247739072e-03
-1.749254999999999072e+01 3.093528678436042491e-03
-1.734239999999999071e+01 3.238223031166834014e-03
-1.719224999999999071e+01 3.391010859148487454e-03
-1.704209999999999070e+01 3.552478511397785636e-03
-1.689194999999999069e+01 3.723257330742688661e-03
-1.674179999999999069e+01 3.904050324360861576e-03
-1.659164999999998713e+01 4.095629662396648753e-03
-1.644149999999999423e+01 4.298836800307109102e-03
-1.629134999999999422e+01 4.514620551374201075e-03
-1.614119999999999422e+01 4.743996917262655912e-03
-1.599104999999999244e+01 4.988113213799674761e-03
-1.584089999999999243e+01 5.248215381823805731e-03
-1.569074999999999243e+01 5.525679873185544190e-03
-1.554059999999999064e+01 5.822023542846692032e-03
-1.539044999999999064e+01 6.138915498879548779e-03
-1.524029999999999063e+01 6.478181278475567649e-03
-1.509014999999998885e+01 6.841837942414301897e-03
-1.493999999999998884e+01 7.232104674495020216e-03
-1.478984999999998884e+01 7.651399447995005376e-03
-1.463969999999999416e+01 8.102398294484098804e-03
-1.448954999999999416e+01 8.588036461573328451e-03
-1.433939999999999415e+01 9.111538818815163865e-03
-1.418924999999999237e+01 9.676428767236584100e-03
-1.403909999999999236e+01 1.028660124636698869e-02
-1.388894999999998525e+01 1.094627055567434781e-02
-1.373879999999999768e+01 1.166007815261874483e-02
-1.358864999999999768e+01 1.243307298665267610e-02
-1.343849999999999589e+01 1.327072223311973748e-02
-1.328834999999999589e+01 1.417896331187957007e-02
-1.313819999999999588e+01 1.516415535793848648e-02
-1.298804999999999588e+01 1.623315320672594556e-02
-1.283789999999999409e+01 1.739324506232832121e-02
-1.268774999999999409e+01 1.865214816726093808e-02
-1.253759999999999408e+01 2.001800685110284583e-02
-1.238744999999999230e+01 2.149927108275860241e-02
-1.223729999999999229e+01 2.310472738277507751e-02
-1.208714999999999229e+01 2.484334407960453461e-02
-1.193699999999999051e+01 2.672420682676119805e-02
-1.178684999999999050e+01 2.875635509475231097e-02
-1.163669999999999050e+01 3.094862888223745903e-02
-1.148654999999998871e+01 3.330952058523862364e-02
-1.133639999999998871e+01 3.584687060589533680e-02
-1.118624999999998870e+01 3.856765917438933350e-02
-1.103609999999998692e+01 4.147772589744000427e-02
-1.088594999999998691e+01 4.458135380745245624e-02
-1.073579999999998691e+01 4.788095664086139402e-02
-1.058564999999998513e+01 5.137662823616694768e-02
-1.043549999999998512e+01 5.506572594997160425e-02
-1.028534999999999755e+01 5.894230697647648981e-02
-1.013519999999999754e+01 6.299667814688679479e-02
-9.985049999999997539e+00 6.721484682198534955e-02
-9.834899999999995757e+00 7.157804207286640186e-02
-9.684749999999995751e+00 7.606209202008540338e-02
-9.534599999999995745e+00 8.063710100491446042e-02
-9.384449999999993963e+00 8.526685010761275718e-02
-9.234299999999993958e+00 8.990861899834583226e-02
-9.084149999999993952e+00 9.451296180765643429e-02
-8.933999999999992170e+00 9.902349887733616352e-02
-8.783849999999992164e+00 1.033772139034964399e-01
-8.633699999999992158e+00 1.075046082642770184e-01
-8.483549999999990376e+00 1.113303847773582933e-01
-8.333399999999990371e+00 1.147742383559480911e-01
-8.183249999999990365e+00 1.177520119255623110e-01
-8.033099999999988583e+00 1.201771151391286402e-01
-7.882949999999988577e+00 1.219623825208730888e-01
-7.732799999999987683e+00 1.230221548219805061e-01
-7.582649999999987678e+00 1.232747551926204194e-01
-7.432499999999986784e+00 1.226452618578091763e-01
-7.282349999999985890e+00 1.210685929631623858e-01
-7.132199999999985884e+00 1.184928497324778812e-01
-6.982049999999984990e+00 1.148827873069005467e-01
-6.831899999999998307e+00 1.102234713595632715e-01
-6.681749999999997414e+00 1.045240271066659177e-01
-6.531599999999996520e+00 9.782116548801285394e-02
-6.381449999999996514e+00 9.018265555018868673e-02
-6.231299999999995620e+00 8.171054063033979242e-02
-6.081149999999994726e+00 7.254371205530303623e-02
-5.930999999999994721e+00 6.286001738171241582e-02
-5.780849999999993827e+00 5.287769818802642852e-02
-5.630699999999992933e+00 4.285564326892377790e-02
-5.480549999999992927e+00 3.309282542264094934e-02
-5.330399999999992033e+00 2.392654303927365875e-02
-5.180249999999992028e+00 1.572915255140858865e-02
-5.030099999999991134e+00 8.903754458895843035e-03
-4.879949999999990240e+00 3.878188941201069634e-03
-4.729799999999990234e+00 1.097835023877048038e-03
-4.579649999999989340e+00 1.016985570833923080e-03
-4.429499999999988447e+00 4.089053266809374552e-03
-4.279349999999988441e+00 1.075572399679452368e-02
-4.129199999999987547e+00 2.143530706142942124e-02
-3.979049999999987097e+00 3.651050935590958307e-02
-3.828899999999986203e+00 5.631604675303937546e-02
-3.678749999999985754e+00 8.112631013671416091e-02
-3.528599999999985304e+00 1.111434677163037066e-01
-3.378449999999984410e+00 1.464866444729292783e-01
-3.228299999999997727e+00 1.871819248628150412e-01
-3.078149999999996833e+00 2.331544698271452443e-01
-2.927999999999996383e+00 2.842220692168625495e-01
-2.777849999999995934e+00 3.400911775658402303e-01
-2.627699999999995040e+00 4.003554789765737532e-01
-2.477549999999994590e+00 4.644968114929650671e-01
-2.327399999999994140e+00 5.318894073709846682e-01
-2.177249999999993246e+00 6.018065630051947501e-01
-2.027099999999992797e+00 6.734304737588164835e-01
-1.876949999999992347e+00 7.458648303563214510e-01
-1.726799999999991675e+00 8.181498054828215682e-01
-1.576649999999991003e+00 8.892799792064124409e-01
-1.426499999999990553e+00 9.582236447558075687e-01
-1.276349999999989882e+00 1.023943976312238657e+00
-1.126199999999989210e+00 1.085421511073254353e+00
-9.760499999999887599e-01 1.141676490370957087e+00
-8.258999999999881991e-01 1.191791707667482436e+00
-6.757499999999875273e-01 1.234934033768731565e+00
-5.255999999999869665e-01 1.270374649263418254e+00
-3.754499999999864057e-01 1.297507037088459381e+00
-2.252999999999857894e-01 1.315862231968107698e+00
-7.514999999998521474e-02 1.325120741237859612e+00
7.500000000001537381e-02 1.325120731278093489e+00
2.251500000000024038e-01 1.315862196962531039e+00
3.753000000000030201e-01 1.297506981014149963e+00
5.254500000000036364e-01 1.270374588150936956e+00
6.756000000000041972e-01 1.234933971223653337e+00
8.257500000000047580e-01 1.191791646389519954e+00
9.759000000000053188e-01 1.141676433188353768e+00
1.126050000000005991e+00 1.085421490010361367e+00
1.276200000000006440e+00 1.023943999082475909e+00
1.426350000000007112e+00 9.582236600799445281e-01
1.576500000000007784e+00 8.892800656261532488e-01
1.726650000000008234e+00 8.181499172517641139e-01
1.876800000000008906e+00 7.458649103407445358e-01
2.026950000000009577e+00 6.734306152874451890e-01
2.177100000000010027e+00 6.018067021438624487e-01
2.327250000000010477e+00 5.318895057300948581e-01
2.477400000000011371e+00 4.644969265709487649e-01
2.627550000000011821e+00 4.003555841617688071e-01
2.777700000000012270e+00 3.400912856337026113e-01
2.927850000000013164e+00 2.842221553299888459e-01
3.078000000000013614e+00 2.331545644323585187e-01
3.228150000000014064e+00 1.871819951356084866e-01
3.378300000000014514e+00 1.464866821091532767e-01
3.528450000000015407e+00 1.111435302920961432e-01
3.678600000000002535e+00 8.112635386397441806e-02
3.828750000000002984e+00 5.631609122086234792e-02
3.978900000000003434e+00 3.651053946912682924e-02
4.129050000000003884e+00 2.143532433208448357e-02
4.279200000000004778e+00 1.075574208496407266e-02
4.429350000000005672e+00 4.089059983632979678e-03
4.579500000000005677e+00 1.016982382424922067e-03
4.729650000000006571e+00 1.097825215680774645e-03
4.879800000000007465e+00 3.878176525433221344e-03
5.029950000000007471e+00 8.903741144253959211e-03
5.180100000000008365e+00 1.572915462242780241e-02
5.330250000000008370e+00 2.392653774240211320e-02
5.480400000000009264e+00 3.309284912740087514e-02
5.630550000000010158e+00 4.285567964016676751e-02
5.780700000000010164e+00 5.287775487885125469e-02
5.930850000000011057e+00 6.286009294666211611e-02
6.081000000000011951e+00 7.254376877352483599e-02
6.231150000000011957e+00 8.171061082446542945e-02
6.381300000000012851e+00 9.018272730457785324e-02
6.531450000000013745e+00 9.782121413314495695e-02
6.681600000000013750e+00 1.045240667782229710e-01
6.831750000000014644e+00 1.102235182299407951e-01
6.981900000000015538e+00 1.148827995130486251e-01
7.132050000000002221e+00 1.184928321901375092e-01
7.282200000000003115e+00 1.210685460582741624e-01
7.432350000000003121e+00 1.226451803017723080e-01
7.582500000000004015e+00 1.232746539006924213e-01
7.732650000000004908e+00 1.230220550377907340e-01
7.882800000000004914e+00 1.219622946665321617e-01
8.032950000000006696e+00 1.201770430462372058e-01
8.183100000000006702e+00 1.177519515442706083e-01
8.333250000000006708e+00 1.147742311462434800e-01
8.483400000000006713e+00 1.113303931512928113e-01
8.633550000000008495e+00 1.075046275535231771e-01
8.783700000000008501e+00 1.033772900249040616e-01
8.933850000000008507e+00 9.902360343500896112e-02
9.084000000000010289e+00 9.451308807489236519e-02
9.234150000000010294e+00 8.990875824696049901e-02
9.384300000000010300e+00 8.526698090235440564e-02
9.534450000000012082e+00 8.063722242198119450e-02
9.684600000000012088e+00 7.606222786571546768e-02
9.834750000000012093e+00 7.157815207920038836e-02
9.984900000000013875e+00 6.721493899778097081e-02
1.013505000000001388e+01 6.299672989871844819e-02
1.028520000000001389e+01 5.894234425054441229e-02
1.043535000000001567e+01 5.506575185432268510e-02
1.058550000000001567e+01 5.137662844181294097e-02
1.073565000000000325e+01 4.788092641616011058e-02
1.088580000000000325e+01 4.458131357615018747e-02
1.103595000000000326e+01 4.147767834839465040e-02
1.118610000000000504e+01 3.856761030254722555e-02
1.133625000000000504e+01 3.584681643298612969e-02
1.148640000000000505e+01 3.330946895823166942e-02
1.163655000000000683e+01 3.094859565817415989e-02
1.178670000000000684e+01 2.875630324233757404e-02
1.193685000000000684e+01 2.672417430068548677e-02
1.208700000000000863e+01 2.484331273010337987e-02
1.223715000000000863e+01 2.310468756124713086e-02
1.238730000000000864e+01 2.149923291583348203e-02
1.253745000000001042e+01 2.001796851718833439e-02
1.268760000000001043e+01 1.865211614082760982e-02
1.283775000000001043e+01 1.739320802651461023e-02
1.298790000000001221e+01 1.623311278616575148e-02
1.313805000000001222e+01 1.516411384193733919e-02
1.328820000000001222e+01 1.417891328108752437e-02
1.343835000000001401e+01 1.327068535090848191e-02
1.358850000000001401e+01 1.243304136343718544e-02
1.373865000000001402e+01 1.166004863795786460e-02
1.388880000000001580e+01 1.094624847399124946e-02
1.403895000000001581e+01 1.028657871295560362e-02
1.418910000000000338e+01 9.676425159481302080e-03
1.433925000000000338e+01 9.111538154455613853e-03
1.448940000000000339e+01 8.588046939891716761e-03
1.463955000000000517e+01 8.102410657102713382e-03
1.478970000000000518e+01 7.651414676660841553e-03
1.493985000000000518e+01 7.232121068115300068e-03
1.509000000000000696e+01 6.841850925025533617e-03
1.524015000000000697e+01 6.478188194531640971e-03
1.539030000000000697e+01 6.138913301982901541e-03
1.554045000000000876e+01 5.822015332851361753e-03
1.569060000000000876e+01 5.525657733661541032e-03
1.584075000000000877e+01 5.248185912709646406e-03
1.599090000000001055e+01 4.988071301080690932e-03
1.614105000000001056e+01 4.743949155021132125e-03
1.629120000000001056e+01 4.514569035563882095e-03
1.644135000000001057e+01 4.298783793062504154e-03
1.659150000000001057e+01 4.095572136829208135e-03
1.674165000000001413e+01 3.903996248359010730e-03
1.689180000000001414e+01 3.723211092590931592e-03
1.704195000000001414e+01 3.552438040852168646e-03
1.719210000000001415e+01 3.390981988825780315e-03
1.734225000000001415e+01 3.238205377346730328e-03
1.749240000000001416e+01 3.093523548382211101e-03
1.764255000000000351e+01 2.956399599979286485e-03
1.779270000000000351e+01 2.826351292108705664e-03
1.794285000000000352e+01 2.702929817747150125e-03
1.809300000000000352e+01 2.585715916906361315e-03
1.824315000000000353e+01 2.474327530797161123e-03
1.839330000000000709e+01 2.368412198287751964e-03
1.854345000000000709e+01 2.267641106166806177e-03
1.869360000000000710e+01 2.171710307089351217e-03
1.884375000000000711e+01 2.080335591743679661e-03
1.899390000000000711e+01 1.993255699468074373e-03
1.914405000000000712e+01 1.910225984677502934e-03
1.929420000000001068e+01 1.831027993948714828e-03
1.944435000000001068e+01 1.755446240431055623e-03
1.959450000000001069e+01 1.683297844630173359e-03
1.974465000000001069e+01 1.614401803223066301e-03
1.989480000000001070e+01 1.548588246996015919e-03
2.004495000000001070e+01 1.485705253151056466e-03
2.019510000000001426e+01 1.425613564906451532e-03
2.034525000000001427e+01 1.368175545205930436e-03
2.049540000000001427e+01 1.313264324293234595e-03
2.064555000000001428e+01 1.260755082511025478e-03
2.079570000000001428e+01 1.210533058457718665e-03
2.094585000000001429e+01 1.162491663601056139e-03
2.109600000000000364e+01 1.116521980141620954e-03
2.124615000000000364e+01 1.072525541145847704e-03
2.139630000000000365e+01 1.030402570679259631e-03
2.154645000000000366e+01 9.900629190641478065e-04
2.169660000000000366e+01 9.514221737044771792e-04
2.184675000000000722e+01 9.143960213555780503e-04
2.199690000000000722e+01 8.789078705284846449e-04
2.214705000000000723e+01 8.448852642069886159e-04
2.229720000000000724e+01 8.122631798054737043e-04
2.244735000000000724e+01 7.809787868360238425e-04
2.259750000000000725e+01 7.509778245160944003e-04
2.274765000000001081e+01 7.222051269205842462e-04
2.289780000000001081e+01 6.946101048745575166e-04
2.304795000000001082e+01 6.681494173807650842e-04
2.319810000000001082e+01 6.427800168375869027e-04
2.334825000000001083e+01 6.184590526314673493e-04
2.349840000000001083e+01 5.951469082484862503e-04
2.364855000000001439e+01 5.728052352716894073e-04
2.379870000000001440e+01 5.513956665518914696e-04
2.394885000000001440e+01 5.308817073853817989e-04
2.409900000000001441e+01 5.112270725933607419e-04
2.424915000000001442e+01 4.923949663008340017e-04
2.439930000000001442e+01 4.743501633876528643e-04
2.454945000000001443e+01 4.570567853575849640e-04
2.469960000000000377e+01 4.404833201062242735e-04
2.484975000000000378e+01 4.245956641275278162e-04
2.499990000000000379e+01 4.093642897547441302e-04
2.515005000000000379e+01 3.947580477915569978e-04
2.530020000000000380e+01 3.807508965802108565e-04
2.545035000000000736e+01 3.673159019938968938e-04
2.560050000000000736e+01 3.544281661850610487e-04
2.575065000000000737e+01 3.420659361257982018e-04
2.590080000000000737e+01 3.302070567622143456e-04
2.605095000000000738e+01 3.188321585137702651e-04
2.620110000000000738e+01 3.079224430442915449e-04
2.635125000000001094e+01 2.974614355942039939e-04
2.650140000000001095e+01 2.874296108432364684e-04
2.665155000000001095e+01 2.778128027481764737e-04
2.680170000000001096e+01 2.685931400265006161e-04
2.695185000000001097e+01 2.597556741864601539e-04
2.710200000000001097e+01 2.512845047460726851e-04
2.725215000000001453e+01 2.431668189219368366e-04
2.740230000000001453e+01 2.353840349086944736e-04
2.755245000000001454e+01 2.279225742640893291e-04
2.770260000000001455e+01 2.207686016622058267e-04
2.785275000000001455e+01 2.139059783403939605e-04
2.800290000000001456e+01 2.073215650546154866e-04
2.815305000000000391e+01 2.010016774272229551e-04
2.830320000000000391e+01 1.949338116222076997e-04
2.845335000000000392e+01 1.891044814127102304e-04
2.860350000000000392e+01 1.835023588973596048e-04
2.875365000000000393e+01 1.781170979281927519e-04
2.890380000000000749e+01 1.729379257223761840e-04
2.905395000000000749e+01 1.679554928448371122e-04
2.920410000000000750e+01 1.631625444016081110e-04
2.935425000000000750e+01 1.585511550836088987e-04
2.950440000000000751e+01 1.541153368254120958e-04
2.965455000000000751e+01 1.498477767869720294e-04
2.980470000000001107e+01 1.457446675889034348e-04
2.995485000000001108e+01 1.418022601274523020e-04
3.010500000000001108e+01 1.380151766109012092e-04
3.025515000000001109e+01 1.343809656422185279e-04
3.040530000000001110e+01 1.308957147138165716e-04
3.055545000000001110e+01 1.275565772286629763e-04
3.070560000000001466e+01 1.243606418730005875e-04
3.085575000000001467e+01 1.213024844625504241e-04
3.100590000000001467e+01 1.183806542414087850e-04
3.115605000000001468e+01 1.155891895272918445e-04
3.130620000000001468e+01 1.129243777199120886e-04
3.145635000000001469e+01 1.103794336065806893e-04
3.160650000000000404e+01 1.079505891185484267e-04
3.175665000000000404e+01 1.056309795823023894e-04
3.190680000000000405e+01 1.034146409475591972e-04
3.205695000000000761e+01 1.012963605509984273e-04
3.220710000000000406e+01 9.926944573723278295e-05
3.235725000000000762e+01 9.732962866363967605e-05
3.250740000000000407e+01 9.547098448551670101e-05
3.265755000000000763e+01 9.368898608053992318e-05
3.280770000000001119e+01 9.198146445072606029e-05
3.295785000000000764e+01 9.034312496246275318e-05
3.310800000000001120e+01 8.877402027753643246e-05
3.325815000000000765e+01 8.727135957350741502e-05
3.340830000000001121e+01 8.583497757907893066e-05
3.355845000000000766e+01 8.446480537374886151e-05
3.370860000000001122e+01 8.315953052293589278e-05
3.385875000000001478e+01 8.191990858513692280e-05
3.400890000000001123e+01 8.074605918985564240e-05
3.415905000000001479e+01 7.963662509557996099e-05
3.430920000000001124e+01 7.859186602776288295e-05
3.445935000000001480e+01 7.760913024916255183e-05
3.460950000000001836e+01 7.668691903624744470e-05
3.475965000000001481e+01 7.582248930722220196e-05
3.490980000000001837e+01 7.501259929388997812e-05
3.505995000000001482e+01 7.425404351742349472e-05
3.521010000000000417e+01 7.354207802619128361e-05
3.536025000000000773e+01 7.287328087451276724e-05
3.551040000000000418e+01 7.224327815080231017e-05
3.566055000000000774e+01 7.164746745997667930e-05
3.581070000000000420e+01 7.108291282865657039e-05
3.596085000000000775e+01 7.054706132081728039e-05
3.611100000000000421e+01 7.003572505611607441e-05
3.626115000000000776e+01 6.954787243513664292e-05
3.641130000000001132e+01 6.908187359227131480e-05
3.656145000000000778e+01 6.863725076478579482e-05
3.671160000000001133e+01 6.821324848347727599e-05
3.686175000000000779e+01 6.780885037940006068e-05
3.701190000000001135e+01 6.742497047426492494e-05
3.716205000000000780e+01 6.706063223220908888e-05
3.731220000000001136e+01 6.671487195270796582e-05
3.746235000000001492e+01 6.638626364286349252e-05
3.761250000000001137e+01 6.607411750043762062e-05
3.776265000000001493e+01 6.577585467255579060e-05
3.791280000000001138e+01 6.548835204235541160e-05
3.806295000000001494e+01 6.520930271491115373e-05
3.821310000000001850e+01 6.493506231665257145e-05
3.836325000000001495e+01 6.466237070251973189e-05
3.851340000000001851e+01 6.438778407572267530e-05
3.866355000000000075e+01 6.410801273223025844e-05
3.881370000000000431e+01 6.382087919307109758e-05
3.896385000000000787e+01 6.352531608713427611e-05
3.911400000000000432e+01 6.321904633893689807e-05
3.926415000000000788e+01 6.290345177592479326e-05
3.941430000000000433e+01 6.257839020458157370e-05
3.956445000000000789e+01 6.224560696298845318e-05
3.971460000000000434e+01 6.190747794831431004e-05
3.986475000000000790e+01 6.156712155189878366e-05
4.001490000000001146e+01 6.122661331797934288e-05
4.016505000000000791e+01 6.088986059935473855e-05
4.031520000000001147e+01 6.055844807908101942e-05
4.046535000000000792e+01 6.023408974518986266e-05
4.061550000000001148e+01 5.991852170533408262e-05
4.076565000000001504e+01 5.961176303545680206e-05
4.091580000000001149e+01 5.931422033484704887e-05
4.106595000000001505e+01 5.902342924060887769e-05
4.121610000000001151e+01 5.873755543751027285e-05
4.136625000000001506e+01 5.845381103726803620e-05
4.151640000000001152e+01 5.816849610505836336e-05
4.166655000000001507e+01 5.787711129333569397e-05
4.181670000000001863e+01 5.757714755488730263e-05
4.196685000000001509e+01 5.726408495415917163e-05
4.211700000000000443e+01 5.693480782356165912e-05
4.226715000000000089e+01 5.658707677314771343e-05
4.241730000000000445e+01 5.621851191435777605e-05
4.256745000000000800e+01 5.582937736792307370e-05
4.271760000000000446e+01 5.541963836358575966e-05
4.286775000000000801e+01 5.499020929943520544e-05
4.301790000000000447e+01 5.454308367813491277e-05
4.316805000000000803e+01 5.408098684844376647e-05
4.331820000000001158e+01 5.360739884083446749e-05
4.346835000000000804e+01 5.312563489638637027e-05
4.361850000000001160e+01 5.263841822587246534e-05
4.376865000000000805e+01 5.215051442782625161e-05
4.391880000000001161e+01 5.166359201191245718e-05
4.406895000000000806e+01 5.118025171323538016e-05
4.421910000000001162e+01 5.070155258605512808e-05
4.436925000000001518e+01 5.022974423203123000e-05
4.451940000000001163e+01 4.976387059264652813e-05
4.466955000000001519e+01 4.930331025986193594e-05
4.481970000000001164e+01 4.884699682086723633e-05
4.496985000000001520e+01 4.839288953827915706e-05
4.512000000000001876e+01 4.793802273835174319e-05
4.527015000000001521e+01 4.748032821385630016e-05
4.542030000000001877e+01 4.701672221350298932e-05
4.557045000000000101e+01 4.654459988896521722e-05
4.572060000000000457e+01 4.606110206501129385e-05
4.587075000000000813e+01 4.556382987582181332e-05
4.602090000000000458e+01 4.505145296283165080e-05
4.617105000000000814e+01 4.452279099113694072e-05
4.632120000000000459e+01 4.397714732608411486e-05
4.647135000000000815e+01 4.341514905001190618e-05
4.662150000000000460e+01 4.283714976262535944e-05
4.677165000000000816e+01 4.224518559773233892e-05
4.692180000000001172e+01 4.164116240223901929e-05
4.707195000000002238e+01 4.102761793761348496e-05
4.722210000000002594e+01 4.040798728449938784e-05
4.737224999999999397e+01 3.978451469067890170e-05
4.752239999999999753e+01 3.916134099921511158e-05
4.767255000000000109e+01 3.854122384736444120e-05
4.782269999999999754e+01 3.792640824786850344e-05
4.797285000000000110e+01 3.732010144990196134e-05
4.812299999999999756e+01 3.672423268721716012e-05
4.827315000000000111e+01 3.613970844821706989e-05
4.842329999999999757e+01 3.556775448106215331e-05
4.857345000000000113e+01 3.500834889104363352e-05
4.872360000000000468e+01 3.446144146325937530e-05
4.887375000000000114e+01 3.392566260834161280e-05
4.902390000000000470e+01 3.339985322830888446e-05
4.917405000000000115e+01 3.288223912438700011e-05
4.932420000000000471e+01 3.237122581603926741e-05
4.947435000000000827e+01 3.186405916202723833e-05
4.962450000000000472e+01 3.135947494911759428e-05
4.977465000000000828e+01 3.085505957806540376e-05
4.992480000000000473e+01 3.034943431623268406e-05
5.007495000000000829e+01 2.984194198035666686e-05
5.022510000000000474e+01 2.933188688587235677e-05
5.037525000000000830e+01 2.881937149128562266e-05
5.052540000000001186e+01 2.830518118492340228e-05
5.067555000000000831e+01 2.779064963344423013e-05
5.082570000000001187e+01 2.727757569080176841e-05
5.097585000000000832e+01 2.676771711828588549e-05
5.112600000000001188e+01 2.626341233392070928e-05
5.127615000000001544e+01 2.576805242353979433e-05
5.142630000000001189e+01 2.528268428350827402e-05
5.157645000000001545e+01 2.481060067286821724e-05
5.172660000000001190e+01 2.435271559999954477e-05
5.187675000000001546e+01 2.391157974836412138e-05
5.202690000000001191e+01 2.348697438862350648e-05
5.217705000000001547e+01 2.308013651185503179e-05
5.232720000000001903e+01 2.269061788916093970e-05
5.247735000000001548e+01 2.231762586216656268e-05
5.262750000000001904e+01 2.196050857503524794e-05
5.277765000000001550e+01 2.161699900212545009e-05
5.292780000000001905e+01 2.128588230887328459e-05
5.307795000000002261e+01 2.096507038593220027e-05
5.322810000000001907e+01 2.065265268067432286e-05
5.337825000000002262e+01 2.034662480750104374e-05
5.352840000000001908e+01 2.004514241560490854e-05
5.367855000000002264e+01 1.974735472447967106e-05
5.382870000000001909e+01 1.945154828612391082e-05
5.397885000000002265e+01 1.915794549212959292e-05
5.412900000000002620e+01 1.886596652625065589e-05
5.427915000000002266e+01 1.857644369741935769e-05
5.442929999999999779e+01 1.828956615451781244e-05
5.457945000000000135e+01 1.800700226621086556e-05
5.472959999999999781e+01 1.772948010335716475e-05
5.487975000000000136e+01 1.745920227944460502e-05
5.502989999999999782e+01 1.719650379666061478e-05
5.518005000000000138e+01 1.694355039136449692e-05
5.533019999999999783e+01 1.670106990871676327e-05
5.548035000000000139e+01 1.647012957625130600e-05
5.563050000000000495e+01 1.625110736446364060e-05
5.578065000000000140e+01 1.604429678183743853e-05
5.593080000000000496e+01 1.584986647926125939e-05
5.608095000000000141e+01 1.566671046811597801e-05
5.623110000000000497e+01 1.549470293083997748e-05
5.638125000000000853e+01 1.533241678153179411e-05
5.653140000000000498e+01 1.517868760633538119e-05
5.668155000000000854e+01 1.503236374024848519e-05
5.683170000000000499e+01 1.489218914372943726e-05
5.698185000000000855e+01 1.475695121943791909e-05
5.713200000000000500e+01 1.462549498859732596e-05
5.728215000000000856e+01 1.449687340388901893e-05
5.743230000000001212e+01 1.437095818556165608e-05
5.758245000000000857e+01 1.424695169019035204e-05
5.773260000000001213e+01 1.412496352061752862e-05
5.788275000000000858e+01 1.400565273608070538e-05
5.803290000000001214e+01 1.388896728946485481e-05
5.818305000000000859e+01 1.377600619802195397e-05
5.833320000000001215e+01 1.366743852694193536e-05
5.848335000000001571e+01 1.356379932010312342e-05
5.863350000000001216e+01 1.346601908623202297e-05
5.878365000000001572e+01 1.337483678266830906e-05
5.893380000000001218e+01 1.329050510847058986e-05
5.908395000000001573e+01 1.321298537203813368e-05
5.923410000000001929e+01 1.314216511434629546e-05
5.938425000000001575e+01 1.307743043169651296e-05
5.953440000000001930e+01 1.301816213977847592e-05
5.968455000000001576e+01 1.296341967842118868e-05
5.983470000000001932e+01 1.291122406940841399e-05
5.998485000000001577e+01 1.286071538650559574e-05
6.013500000000001933e+01 1.280975705313534878e-05
6.028515000000002289e+01 1.275694537070680647e-05
6.043530000000001934e+01 1.270060112371717088e-05
6.058545000000002290e+01 1.263922208564260791e-05
6.073560000000001935e+01 1.257138885050093913e-05
6.088575000000002291e+01 1.249652167385466288e-05
6.103590000000002647e+01 1.241410010385282276e-05
6.118605000000002292e+01 1.232352319288141073e-05
6.133619999999999806e+01 1.222514196953744510e-05
6.148634999999999451e+01 1.211962998788261470e-05
6.163649999999999807e+01 1.200743365496955787e-05
6.178665000000000163e+01 1.189014106762980953e-05
6.193679999999999808e+01 1.176822232333802292e-05
6.208695000000000164e+01 1.164354215556458993e-05
6.223709999999999809e+01 1.151678878451996089e-05
6.238725000000000165e+01 1.138932679312259748e-05
6.253740000000000521e+01 1.126194872634354010e-05
6.268755000000000166e+01 1.113568723811768552e-05
6.283770000000000522e+01 1.101049498810351749e-05
6.298785000000000167e+01 1.088687938798762748e-05
6.313800000000000523e+01 1.076490583688123661e-05
6.328815000000000168e+01 1.064432855270399800e-05
6.343830000000000524e+01 1.052481487767015731e-05
6.358845000000000880e+01 1.040568439801782465e-05
6.373860000000000525e+01 1.028671520549470124e-05
6.388875000000000881e+01 1.016723210347580882e-05
6.403890000000001237e+01 1.004680140052542564e-05
6.418905000000000882e+01 9.925369069996265126e-06
6.433920000000000528e+01 9.802207312471882255e-06
6.448935000000001594e+01 9.677471382137117526e-06
6.463950000000001239e+01 9.551631136359726030e-06
6.478965000000000884e+01 9.424549704218371051e-06
6.493980000000000530e+01 9.297087471635526567e-06
6.508995000000001596e+01 9.169485786539690372e-06
6.524010000000001241e+01 9.042656965959331203e-06
6.539025000000000887e+01 8.917137573038469230e-06
6.554040000000001953e+01 8.793655165140284823e-06
6.569055000000001598e+01 8.672581184745650006e-06
6.584070000000001244e+01 8.554816846711679772e-06
6.599085000000000889e+01 8.440525432257721470e-06
6.614100000000001955e+01 8.330185114076080804e-06
6.629115000000001601e+01 8.223775856123224256e-06
6.644130000000001246e+01 8.121807798479919145e-06
6.659145000000002312e+01 8.024108264659877927e-06
6.674160000000001958e+01 7.930650349647740000e-06
6.689175000000001603e+01 7.841529021025692563e-06
6.704190000000002669e+01 7.756514262040317543e-06
6.719205000000002315e+01 7.675744930536737017e-06
6.734220000000001960e+01 7.599039107416571743e-06
6.749235000000001605e+01 7.526285413565341732e-06
6.764250000000002672e+01 7.457087839614265510e-06
6.779265000000002317e+01 7.391953993844961944e-06
6.794280000000001962e+01 7.330344188366099212e-06
6.809295000000003029e+01 7.272374449852865606e-06
6.824310000000002674e+01 7.217653533854620085e-06
6.839324999999999477e+01 7.165930180740452561e-06
6.854340000000000543e+01 7.116718310423236649e-06
6.869355000000000189e+01 7.070043380645878177e-06
6.884369999999999834e+01 7.024798797002522294e-06
6.899384999999999479e+01 6.980559858202659827e-06
6.914400000000000546e+01 6.937101176889446499e-06
6.929415000000000191e+01 6.893326208658735744e-06
6.944429999999999836e+01 6.848786673977326745e-06
6.959445000000000903e+01 6.803096588311909760e-06
6.974460000000000548e+01 6.755697486191118535e-06
6.989475000000000193e+01 6.706346262049014364e-06
7.004489999999999839e+01 6.655105601611186276e-06
7.019505000000000905e+01 6.601755408850314427e-06
7.034520000000000550e+01 6.547154085454035032e-06
7.049535000000000196e+01 6.491288861249968043e-06
7.064550000000001262e+01 6.435213752483718217e-06
7.079565000000000907e+01 6.379579057584038986e-06
7.094580000000000553e+01 6.325250290951633169e-06
7.109595000000000198e+01 6.273218901098837930e-06
7.124610000000001264e+01 6.224251195304006001e-06
7.139625000000000909e+01 6.179078275173132603e-06
7.154640000000000555e+01 6.138041522929418752e-06
7.169655000000001621e+01 6.101920631081066090e-06
7.184670000000001266e+01 6.070492428067383804e-06
7.199685000000000912e+01 6.043723955736959339e-06
7.214700000000000557e+01 6.021470102736382531e-06
7.229715000000001623e+01 6.002934300162870951e-06
7.244730000000001269e+01 5.987777653866324774e-06
7.259745000000000914e+01 5.974797489167535973e-06
7.274760000000001980e+01 5.963404743026519221e-06
7.289775000000001626e+01 5.952268739311446345e-06
7.304790000000001271e+01 5.940670053704871422e-06
7.319805000000002337e+01 5.927844056769481956e-06
7.334820000000001983e+01 5.913172182352461080e-06
7.349835000000001628e+01 5.895986194446037877e-06
7.364850000000001273e+01 5.876366002418101703e-06
7.379865000000002340e+01 5.853999153945876591e-06
7.394880000000001985e+01 5.829561227837077042e-06
7.409895000000001630e+01 5.803187206689623040e-06
7.424910000000002697e+01 5.775769549901394048e-06
7.439925000000002342e+01 5.747900373326753159e-06
7.454940000000001987e+01 5.720126502883102448e-06
7.469955000000001633e+01 5.693422742290237643e-06
7.484970000000002699e+01 5.668159841234968329e-06
7.499985000000002344e+01 5.645065206648762603e-06
