-5.000000000000000000e+02 2.245049102104972227e-55
-4.989989989999999693e+02 3.745181208716975696e-55
-4.979979980000000523e+02 6.241190790197182302e-55
-4.969969970000000217e+02 1.038986010078308851e-54
-4.959959959999999910e+02 1.727824166878932526e-54
-4.949949950000000740e+02 2.870364020804708106e-54
-4.939939939999999865e+02 4.763454113647859303e-54
-4.929929929999999558e+02 7.896862112688769449e-54
-4.919919920000000388e+02 1.307779934600431133e-53
-4.909909910000000082e+02 2.163526982233596725e-53
-4.899899899999999775e+02 3.575505732882799087e-53
-4.889889890000000605e+02 5.902828201840523477e-53
-4.879879880000000298e+02 9.734873118628168639e-53
-4.869869870000000560e+02 1.603791544495053699e-52
-4.859859859999999685e+02 2.639447332888274819e-52
-4.849849849999999947e+02 4.339358424246356093e-52
-4.839839840000000208e+02 7.126650705139681751e-52
-4.829829829999999902e+02 1.169210844156783595e-51
-4.819819820000000163e+02 1.916229809420293077e-51
-4.809809810000000425e+02 3.137254345873272148e-51
-4.799799800000000118e+02 5.130967125802234739e-51
-4.789789790000000380e+02 8.382934712906554298e-51
-4.779779780000000073e+02 1.368170647508383955e-50
-4.769769769999999767e+02 2.230651739877240903e-50
-4.759759760000000028e+02 3.633043311680560956e-50
-4.749749750000000290e+02 5.910941547135112164e-50
-4.739739739999999983e+02 9.607049382291243598e-50
-4.729729730000000245e+02 1.559806171375606996e-49
-4.719719720000000507e+02 2.529871612641328560e-49
-4.709709710000000200e+02 4.098958765122917510e-49
-4.699699699999999893e+02 6.634310905902587240e-49
-4.689689690000000155e+02 1.072667882753352712e-48
-4.679679679999999848e+02 1.732534551280389395e-48
-4.669669670000000110e+02 2.795411091487865182e-48
-4.659659660000000372e+02 4.505641147841611744e-48
-4.649649650000000065e+02 7.254619404426929468e-48
-4.639639640000000327e+02 1.166862729240725549e-47
-4.629629630000000589e+02 1.874873571246041636e-47
-4.619619619999999713e+02 3.009340101415563674e-47
-4.609609609999999975e+02 4.825225412342549983e-47
-4.599599599999999668e+02 7.728780464220406663e-47
-4.589589589999999930e+02 1.236662949372437471e-46
-4.579579580000000192e+02 1.976690716990964589e-46
-4.569569569999999885e+02 3.156262192235783102e-46
-4.559559560000000147e+02 5.034477246071045071e-46
-4.549549550000000409e+02 8.021999529684456292e-46
-4.539539539999999533e+02 1.276902696667470192e-45
-4.529529529999999795e+02 2.030391934993656627e-45
-4.519519520000000057e+02 3.225141993363003973e-45
-4.509509509999999750e+02 5.117580307604102294e-45
-4.499499500000000012e+02 8.111988758557227734e-45
-4.489489490000000274e+02 1.284508083975960742e-44
-4.479479479999999967e+02 2.031857060196567964e-44
-4.469469470000000229e+02 3.210674305348756170e-44
-4.459459459999999922e+02 5.068111053218933761e-44
-4.449449449999999615e+02 7.991765708439935844e-44
-4.439439439999999877e+02 1.258885104520743975e-43
-4.429429430000000139e+02 1.980962057675875406e-43
-4.419419419999999832e+02 3.113959148462999524e-43
-4.409409410000000094e+02 4.889858986615992069e-43
-4.399399400000000355e+02 7.670548320011636153e-43
-4.389389390000000049e+02 1.201996256842233603e-42
-4.379379379999999742e+02 1.881596211845289288e-42
-4.369369370000000004e+02 2.942363563456507306e-42
-4.359359359999999697e+02 4.596346975538392965e-42
-4.349349349999999959e+02 7.172587006666218797e-42
-4.339339340000000220e+02 1.118112159606591104e-41
-4.329329329999999914e+02 1.741170982263544319e-41
-4.319319320000000175e+02 2.708594264272478914e-41
-4.309309310000000437e+02 4.209135920455404521e-41
-4.299299299999999562e+02 6.534139256572601343e-41
-4.289289289999999824e+02 1.013281795512848374e-40
-4.279279280000000085e+02 1.569706623720717377e-40
-4.269269269999999779e+02 2.429143189664983936e-40
-4.259259260000000040e+02 3.755208821656946891e-40
-4.249249250000000302e+02 5.799110694052643645e-40
-4.239239239999999995e+02 8.946126022096430801e-40
-4.229229230000000257e+02 1.378652804792583864e-39
-4.219219219999999950e+02 2.122369846484216911e-39
-4.209209209999999644e+02 3.263874586993717032e-39
-4.199199199999999905e+02 5.014089405304470151e-39
-4.189189190000000167e+02 7.694791834099879653e-39
-4.179179179999999860e+02 1.179635530413091275e-38
-4.169169170000000122e+02 1.806529085881206670e-38
-4.159159160000000384e+02 2.763682773276082930e-38
-4.149149150000000077e+02 4.223548837957638244e-38
-4.139139139999999770e+02 6.447820233526652808e-38
-4.129129130000000032e+02 9.833188578617773966e-38
-4.119119119999999725e+02 1.498034576763404499e-37
-4.109109109999999987e+02 2.279792416163728468e-37
-4.099099100000000249e+02 3.465889752955677952e-37
-4.089089089999999942e+02 5.263566700078565918e-37
-4.079079080000000204e+02 7.985303720779637687e-37
-4.069069070000000465e+02 1.210176301079364614e-36
-4.059059059999999590e+02 1.832110733541943667e-36
-4.049049049999999852e+02 2.770771033722615259e-36
-4.039039040000000114e+02 4.185962918928579420e-36
-4.029029029999999807e+02 6.317364083438834158e-36
-4.019019020000000069e+02 9.524061750204596419e-36
-4.009009010000000330e+02 1.434347024614548460e-35
-3.998999000000000024e+02 2.157903318920682860e-35
-3.988988990000000285e+02 3.243063211804129688e-35
-3.978978979999999979e+02 4.868828776375017524e-35
-3.968968969999999672e+02 7.301956134956827134e-35
-3.958958959999999934e+02 1.093955206339652670e-34
-3.948948950000000195e+02 1.637213938427767823e-34
-3.938938939999999889e+02 2.447692589629190237e-34
-3.928928930000000150e+02 3.655559272711708238e-34
-3.918918920000000412e+02 5.453763185981181762e-34
-3.908908910000000105e+02 8.128009113437654374e-34
-3.898898899999999799e+02 1.210089572702294434e-33
-3.888888890000000060e+02 1.799684005967978475e-33
-3.878878879999999754e+02 2.673747352398987220e-33
-3.868868870000000015e+02 3.968165896899837222e-33
-3.858858860000000277e+02 5.883077717905583444e-33
-3.848848849999999970e+02 8.712938188645389336e-33
-3.838838840000000232e+02 1.289050501757953917e-32
-3.828828829999999925e+02 1.905111736423272557e-32
-3.818818819999999619e+02 2.812653044000052461e-32
-3.808808809999999880e+02 4.148174641615360507e-32
-3.798798800000000142e+02 6.111432638013444186e-32
-3.788788789999999835e+02 8.994439855123234189e-32
-3.778778780000000097e+02 1.322361751086165905e-31
-3.768768770000000359e+02 1.942099460438106113e-31
-3.758758760000000052e+02 2.849296572762222537e-31
-3.748748749999999745e+02 4.175887696613974148e-31
-3.738738740000000007e+02 6.113710911940952098e-31
-3.728728729999999700e+02 8.941407506459714436e-31
-3.718718719999999962e+02 1.306326523244934687e-30
-3.708708710000000224e+02 1.906524692349386581e-30
-3.698698699999999917e+02 2.779571969790504802e-30
-3.688688690000000179e+02 4.048164737521567562e-30
-3.678678680000000440e+02 5.889564225235866726e-30
-3.668668670000000134e+02 8.559587626514601179e-30
-3.658658659999999827e+02 1.242702531143894026e-29
-3.648648650000000089e+02 1.802296123497713978e-29
-3.638638639999999782e+02 2.611137269328436261e-29
-3.628628630000000044e+02 3.779008005039485156e-29
-3.618618620000000305e+02 5.463493580741759519e-29
-3.608608609999999999e+02 7.890554843684324445e-29
-3.598598600000000260e+02 1.138384809185436830e-28
-3.588588589999999954e+02 1.640646615889239799e-28
-3.578578579999999647e+02 2.362029791589586967e-28
-3.568568569999999909e+02 3.397035032409527941e-28
-3.558558560000000170e+02 4.880439943385192595e-28
-3.548548549999999864e+02 7.004258636304340877e-28
-3.538538540000000125e+02 1.004175430039184347e-27
-3.528528530000000387e+02 1.438140059341058689e-27
-3.518518520000000080e+02 2.057486115238230446e-27
-3.508508509999999774e+02 2.940469907787291092e-27
-3.498498500000000035e+02 4.197982483041145473e-27
-3.488488489999999729e+02 5.986989837426790577e-27
-3.478478479999999990e+02 8.529437575647117577e-27
-3.468468470000000252e+02 1.213881249971322008e-26
-3.458458459999999945e+02 1.725742138931839281e-26
-3.448448450000000207e+02 2.450865366752058351e-26
-3.438438440000000469e+02 3.477017000144181528e-26
-3.428428429999999594e+02 4.927628278148940304e-26
-3.418418419999999855e+02 6.976101423715275254e-26
-3.408408410000000117e+02 9.865777400143516110e-26
-3.398398399999999810e+02 1.393777578504261479e-25
-3.388388390000000072e+02 1.966976749107044536e-25
-3.378378380000000334e+02 2.772991416459210476e-25
-3.368368370000000027e+02 3.905182420671715184e-25
-3.358358360000000289e+02 5.493859924006262517e-25
-3.348348349999999982e+02 7.720710154808423655e-25
-3.338338339999999675e+02 1.083877696177344383e-24
-3.328328329999999937e+02 1.520010639087674580e-24
-3.318318320000000199e+02 2.129395080049211371e-24
-3.308308309999999892e+02 2.979950758732465737e-24
-3.298298300000000154e+02 4.165864158383019804e-24
-3.288288290000000416e+02 5.817605226823041813e-24
-3.278278280000000109e+02 8.115709037708907869e-24
-3.268268269999999802e+02 1.130971648655922440e-23
-3.258258260000000064e+02 1.574417639110376171e-23
-3.248248249999999757e+02 2.189430200009100430e-23
-3.238238240000000019e+02 3.041481225300928917e-23
-3.228228230000000281e+02 4.220675883162060879e-23
-3.218218219999999974e+02 5.850886066928489546e-23
-3.208208210000000236e+02 8.102219474925808075e-23
-3.198198200000000497e+02 1.120802358956823280e-22
-3.188188189999999622e+02 1.548804805372252062e-22
-3.178178179999999884e+02 2.137996072213832621e-22
-3.168168170000000146e+02 2.948218242348421728e-22
-3.158158159999999839e+02 4.061204054925186743e-22
-3.148148150000000101e+02 5.588463182272870008e-22
-3.138138140000000362e+02 7.681964968087160255e-22
-3.128128130000000056e+02 1.054859308925968667e-21
-3.118118120000000317e+02 1.446968210236194419e-21
-3.108108110000000011e+02 1.982739301524994552e-21
-3.098098099999999704e+02 2.714028214373910832e-21
-3.088088089999999966e+02 3.711121391483986096e-21
-3.078078080000000227e+02 5.069182922544226028e-21
-3.068068069999999921e+02 6.916919267692844729e-21
-3.058058060000000182e+02 9.428211824434820819e-21
-3.048048050000000444e+02 1.283771636262304019e-20
-3.038038040000000137e+02 1.746175859936974658e-20
-3.028028029999999831e+02 2.372629255415690848e-20
-3.018018020000000092e+02 3.220426687743139186e-20
-3.008008009999999786e+02 4.366550875524526481e-20
-2.997998000000000047e+02 5.914324376944996347e-20
-2.987987990000000309e+02 8.002269978230455246e-20
-2.977977980000000002e+02 1.081589935284767345e-19
-2.967967970000000264e+02 1.460338006502099227e-19
-2.957957960000000526e+02 1.969633335098085059e-19
-2.947947949999999651e+02 2.653741176938307463e-19
-2.937937939999999912e+02 3.571682555826238545e-19
-2.927927930000000174e+02 4.802066675364023855e-19
-2.917917919999999867e+02 6.449476929773925794e-19
-2.907907910000000129e+02 8.652900429228499590e-19
-2.897897900000000391e+02 1.159684234761795245e-18
-2.887887890000000084e+02 1.552596358946944973e-18
-2.877877880000000346e+02 2.076433680322653058e-18
-2.867867870000000039e+02 2.774074909751834935e-18
-2.857857859999999732e+02 3.702191241592873086e-18
-2.847847849999999994e+02 4.935600328126694443e-18
-2.837837840000000256e+02 6.572967962145566357e-18
-2.827827829999999949e+02 8.744266119514726114e-18
-2.817817820000000211e+02 1.162051726540489151e-17
-2.807807810000000472e+02 1.542651124144957499e-17
-2.797797800000000166e+02 2.045738257783213261e-17
-2.787787789999999859e+02 2.710019541021229082e-17
-2.777777780000000121e+02 3.586201650290807213e-17
-2.767767769999999814e+02 4.740638477152678308e-17
-2.757757760000000076e+02 6.260063432068716654e-17
-2.747747750000000337e+02 8.257723056914700458e-17
-2.737737740000000031e+02 1.088131776138588404e-16
-2.727727729999999724e+02 1.432327028676982431e-16
-2.717717720000000554e+02 1.883398895563444195e-16
-2.707707709999999679e+02 2.473897939344039283e-16
-2.697697699999999372e+02 3.246089593351234788e-16
-2.687687690000000202e+02 4.254792584743908818e-16
-2.677677679999999896e+02 5.571028286660714158e-16
-2.667667669999999589e+02 7.286707251454207228e-16
-2.657657660000000419e+02 9.520640731889914984e-16
-2.647647650000000112e+02 1.242624285447615733e-15
-2.637637639999999806e+02 1.620138746329978626e-15
-2.627627630000000067e+02 2.110100774444968876e-15
-2.617617619999999761e+02 2.745318310896002925e-15
-2.607607609999999454e+02 3.567965460352675555e-15
-2.597597600000000284e+02 4.632195747119897026e-15
-2.587587589999999977e+02 6.007466999705178542e-15
-2.577577579999999671e+02 7.782766708078230557e-15
-2.567567570000000501e+02 1.007197544546754214e-14
-2.557557559999999910e+02 1.302066690903754945e-14
-2.547547550000000172e+02 1.681471927471474134e-14
-2.537537539999999865e+02 2.169120753845044106e-14
-2.527527529999999842e+02 2.795216483734982664e-14
-2.517517520000000104e+02 3.598194795789447783e-14
-2.507507509999999797e+02 4.626912516439065564e-14
-2.497497500000000059e+02 5.943403148886119769e-14
-2.487487490000000037e+02 7.626341797244934035e-14
-2.477477479999999730e+02 9.775396959358728503e-14
-2.467467469999999992e+02 1.251668971050180688e-13
-2.457457460000000253e+02 1.600963394580880223e-13
-2.447447449999999662e+02 2.045549687422151292e-13
-2.437437439999999924e+02 2.610809963853908707e-13
-2.427427430000000186e+02 3.328717715002718216e-13
-2.417417419999999879e+02 4.239503806757526738e-13
-2.407407409999999857e+02 5.393731528313083275e-13
-2.397397400000000118e+02 6.854878030114073460e-13
-2.387387389999999812e+02 8.702541877357778236e-13
-2.377377380000000073e+02 1.103642379239966553e-12
-2.367367370000000051e+02 1.398126102037077855e-12
-2.357357359999999744e+02 1.769293639469043375e-12
-2.347347350000000006e+02 2.236603262526990652e-12
-2.337337340000000268e+02 2.824316240743692316e-12
-2.327327329999999677e+02 3.562647783942547314e-12
-2.317317319999999938e+02 4.489185095323120996e-12
-2.307307310000000200e+02 5.650632402598233574e-12
-2.297297299999999893e+02 7.104955746277158563e-12
-2.287287289999999871e+02 8.924015884872131431e-12
-2.277277280000000133e+02 1.119679645105196339e-11
-2.267267269999999826e+02 1.403335708357826748e-11
-2.257257260000000088e+02 1.756966840498082250e-11
-2.247247250000000065e+02 2.197351828655591881e-11
-2.237237239999999758e+02 2.745171786987798785e-11
-2.227227230000000020e+02 3.425888251073159343e-11
-2.217217220000000282e+02 4.270811860435483449e-11
-2.207207209999999691e+02 5.318401381623913977e-11
-2.197197199999999953e+02 6.615840754570433558e-11
-2.187187190000000214e+02 8.220951279026691101e-11
-2.177177179999999908e+02 1.020450726450778196e-10
-2.167167169999999885e+02 1.265303675984341669e-10
-2.157157160000000147e+02 1.567220472216417802e-10
-2.147147149999999840e+02 1.939089460417709970e-10
-2.137137140000000102e+02 2.396612632511104125e-10
-2.127127130000000079e+02 2.958897451472325141e-10
-2.117117119999999773e+02 3.649168144008518810e-10
-2.107107110000000034e+02 4.495619490166175968e-10
-2.097097100000000296e+02 5.532440349374613492e-10
-2.087087089999999705e+02 6.801039097061070753e-10
-2.077077079999999967e+02 8.351508919770691873e-10
-2.067067070000000228e+02 1.024437766178382581e-09
-2.057057059999999922e+02 1.255269478344901662e-09
-2.047047049999999899e+02 1.536451715289530267e-09
-2.037037040000000161e+02 1.878586604417962527e-09
-2.027027029999999854e+02 2.294424007845501284e-09
-2.017017020000000116e+02 2.799278317212536825e-09
-2.007007010000000093e+02 3.411522313162209299e-09
-1.996996999999999787e+02 4.153171567917815797e-09
-1.986986990000000048e+02 5.050575076863070296e-09
-1.976976980000000310e+02 6.135230345983286040e-09
-1.966966969999999719e+02 7.444744081802708268e-09
-1.956956959999999981e+02 9.023962979683074401e-09
-1.946946950000000243e+02 1.092630294140746401e-08
-1.936936939999999936e+02 1.321530943648669916e-08
-1.926926929999999913e+02 1.596648672296228578e-08
-1.916916920000000175e+02 1.926943933924084750e-08
-1.906906909999999868e+02 2.323037575302953913e-08
-1.896896900000000130e+02 2.797503139934617406e-08
-1.886886890000000108e+02 3.365207665813780415e-08
-1.876876879999999801e+02 4.043708472369636105e-08
-1.866866870000000063e+02 4.853714492279938863e-08
-1.856856860000000324e+02 5.819621897617870130e-08
-1.846846849999999733e+02 6.970135110845376700e-08
-1.836836839999999995e+02 8.338985794532534211e-08
-1.826826830000000257e+02 9.965764095403938295e-08
-1.816816819999999950e+02 1.189687829544636461e-07
-1.806806809999999928e+02 1.418666111339926986e-07
-1.796796799999999621e+02 1.689864322294148311e-07
-1.786786789999999883e+02 2.010701712907963351e-07
-1.776776780000000144e+02 2.389831739216845108e-07
-1.766766769999999553e+02 2.837334633073884971e-07
-1.756756759999999815e+02 3.364937779139580863e-07
-1.746746750000000077e+02 3.986267536812554612e-07
-1.736736739999999770e+02 4.717136560598100626e-07
-1.726726729999999748e+02 5.575871125641707526e-07
-1.716716720000000009e+02 6.583683458379833171e-07
-1.706706709999999703e+02 7.765094607377898470e-07
-1.696696699999999964e+02 9.148413968157312019e-07
-1.686686689999999942e+02 1.076628219963311484e-06
-1.676676679999999635e+02 1.265628493985942457e-06
-1.666666669999999897e+02 1.486164544589654132e-06
-1.656656660000000159e+02 1.743200504708515552e-06
-1.646646649999999568e+02 2.042430111258260542e-06
-1.636636639999999829e+02 2.390375309178010880e-06
-1.626626630000000091e+02 2.794496808847986234e-06
-1.616616619999999784e+02 3.263317837386952143e-06
-1.606606609999999762e+02 3.806562422579433599e-06
-1.596596600000000024e+02 4.435309649780160834e-06
-1.586586589999999717e+02 5.162165436483016173e-06
-1.576576579999999979e+02 6.001453475572874589e-06
-1.566566569999999956e+02 6.969427105684485729e-06
-1.556556559999999649e+02 8.084503974481409131e-06
-1.546546549999999911e+02 9.367525466759870229e-06
-1.536536540000000173e+02 1.084204297258490944e-05
-1.526526529999999582e+02 1.253463316946289393e-05
-1.516516519999999844e+02 1.447524458490229832e-05
-1.506506510000000105e+02 1.669757778940759291e-05
-1.496496499999999799e+02 1.923950164252767443e-05
-1.486486489999999776e+02 2.214350807331458867e-05
-1.476476480000000038e+02 2.545720791842714188e-05
-1.466466469999999731e+02 2.923387036284433305e-05
-1.456456459999999993e+02 3.353300852617381838e-05
-1.446446449999999970e+02 3.842101370800347920e-05
-1.436436439999999664e+02 4.397184074452321830e-05
-1.426426429999999925e+02 5.026774683140068216e-05
-1.416416419999999903e+02 5.740008603002035324e-05
-1.406406409999999596e+02 6.547016149089026238e-05
-1.396396399999999858e+02 7.459013719435430895e-05
-1.386386390000000119e+02 8.488401071962021485e-05
-1.376376379999999813e+02 9.648864820337900851e-05
-1.366366369999999790e+02 1.095548822338335699e-04
-1.356356360000000052e+02 1.242486729396754532e-04
-1.346346349999999745e+02 1.407523319715108109e-04
-1.336336340000000007e+02 1.592658084308131111e-04
-1.326326329999999984e+02 1.800080350743170419e-04
-1.316316319999999678e+02 2.032183323059649088e-04
-1.306306309999999939e+02 2.291578665609128314e-04
-1.296296299999999917e+02 2.581111586840328692e-04
-1.286286289999999610e+02 2.903876368071852949e-04
-1.276276279999999872e+02 3.263232270346162582e-04
-1.266266269999999992e+02 3.662819739546711298e-04
-1.256256259999999685e+02 4.106576816103274063e-04
-1.246246249999999947e+02 4.598755640843524674e-04
-1.236236240000000066e+02 5.143938932920408486e-04
-1.226226229999999759e+02 5.747056299321934379e-04
-1.216216219999999879e+02 6.413400218342833053e-04
-1.206206209999999999e+02 7.148641521673068091e-04
-1.196196199999999692e+02 7.958844181566838245e-04
-1.186186189999999812e+02 8.850479191055658779e-04
-1.176176180000000073e+02 9.830437306537636883e-04
-1.166166169999999767e+02 1.090604040351546332e-03
-1.156156159999999886e+02 1.208505117800400637e-03
-1.146146150000000006e+02 1.337568090843586476e-03
-1.136136139999999699e+02 1.478659497604358332e-03
-1.126126129999999819e+02 1.632691582599898146e-03
-1.116116120000000080e+02 1.800622303737330412e-03
-1.106106109999999774e+02 1.983455015759366755e-03
-1.096096099999999893e+02 2.182237794689376436e-03
-1.086086090000000013e+02 2.398062367066940495e-03
-1.076076079999999706e+02 2.632062607305699336e-03
-1.066066069999999826e+02 2.885412566386922999e-03
-1.056056060000000087e+02 3.159323995366276720e-03
-1.046046049999999781e+02 3.455043327858179063e-03
-1.036036039999999900e+02 3.773848086814613877e-03
-1.026026030000000020e+02 4.117042682571252568e-03
-1.016016019999999713e+02 4.485953571330491586e-03
-1.006006009999999833e+02 4.881923746024719249e-03
-9.959960000000000946e+01 5.306306534883182234e-03
-9.859859899999997879e+01 5.760458687038767442e-03
-9.759759799999999075e+01 6.245732729179343141e-03
-9.659659700000000271e+01 6.763468582585528341e-03
-9.559559599999997204e+01 7.314984435910871705e-03
-9.459459499999998400e+01 7.901566875752131028e-03
-9.359359400000001017e+01 8.524460284416916431e-03
-9.259259299999996529e+01 9.184855522304186462e-03
-9.159159199999999146e+01 9.883877920942495121e-03
-9.059059100000000342e+01 1.062257462194039076e-02
-8.958958999999997275e+01 1.140190130684060922e-02
-8.858858899999998471e+01 1.222270837307270520e-02
-8.758758800000001088e+01 1.308572662179117822e-02
-8.658658699999996600e+01 1.399155253427729340e-02
-8.558558599999999217e+01 1.494063322467449606e-02
-8.458458500000000413e+01 1.593325116800711067e-02
-8.358358399999997346e+01 1.696950881356896687e-02
-8.258258299999998542e+01 1.804931320473562167e-02
-8.158158200000001159e+01 1.917236073689828138e-02
-8.058058099999996671e+01 2.033812219538387936e-02
-7.957957999999999288e+01 2.154582822475605702e-02
-7.857857900000000484e+01 2.279445538961221915e-02
-7.757757799999997417e+01 2.408271299472702909e-02
-7.657657699999998613e+01 2.540903083897482276e-02
-7.557557600000001230e+01 2.677154808270719097e-02
-7.457457499999996742e+01 2.816810341199817505e-02
-7.357357399999999359e+01 2.959622668523231859e-02
-7.257257300000000555e+01 3.105313224773503800e-02
-7.157157199999997488e+01 3.253571409838160178e-02
-7.057057099999998684e+01 3.404054308823868669e-02
-6.956957000000001301e+01 3.556386632516854440e-02
-6.856856899999996813e+01 3.710160894985781860e-02
-6.756756799999999430e+01 3.864937843785293953e-02
-6.656656700000000626e+01 4.020247156883474671e-02
-6.556556599999997559e+01 4.175588418852024808e-02
-6.456456499999998755e+01 4.330432387025810043e-02
-6.356356400000001372e+01 4.484222556261571735e-02
-6.256256299999997594e+01 4.636377028611792656e-02
-6.156156199999999501e+01 4.786290691690529148e-02
-6.056056100000001408e+01 4.933337706757457558e-02
-5.955955999999997630e+01 5.076874304603309906e-02
-5.855855899999999536e+01 5.216241884206461454e-02
-5.755755800000001443e+01 5.350770405872598556e-02
-5.655655699999997665e+01 5.479782067195995005e-02
-5.555555599999999572e+01 5.602595246725564776e-02
-5.455455500000001479e+01 5.718528696716817378e-02
-5.355355399999997701e+01 5.826905962840495806e-02
-5.255255299999999608e+01 5.927060005242171942e-02
-5.155155200000001514e+01 6.018337991946306337e-02
-5.055055099999997736e+01 6.100106232318625032e-02
-4.954954999999999643e+01 6.171755215187504223e-02
-4.854854899999995865e+01 6.232704713324550144e-02
-4.754754799999997772e+01 6.282408913342027446e-02
-4.654654699999999679e+01 6.320361527726282846e-02
-4.554554599999995901e+01 6.346100843733749886e-02
-4.454454499999997807e+01 6.359214662272393015e-02
-4.354354399999999714e+01 6.359345078713456167e-02
-4.254254299999995936e+01 6.346193056861833270e-02
-4.154154199999997843e+01 6.319522747088361647e-02
-4.054054099999999750e+01 6.279165499919650562e-02
-3.953953999999995972e+01 6.225023527210815644e-02
-3.853853899999997878e+01 6.157073164408025795e-02
-3.753753799999999785e+01 6.075367689348767225e-02
-3.653653699999996007e+01 5.980039655549106853e-02
-3.553553599999997914e+01 5.871302700983034584e-02
-3.453453499999999821e+01 5.749452796954872963e-02
-3.353353399999996043e+01 5.614868905781911917e-02
-3.253253299999997949e+01 5.468013020610980324e-02
-3.153153199999999501e+01 5.309429565754549690e-02
-3.053053099999996078e+01 5.139744141406082933e-02
-2.952952999999997630e+01 4.959661602430160549e-02
-2.852852899999999536e+01 4.769963467064770174e-02
-2.752752799999996114e+01 4.571504657758926338e-02
-2.652652699999997665e+01 4.365209582930711790e-02
-2.552552599999999572e+01 4.152067575097612151e-02
-2.452452499999996149e+01 3.933127707528003697e-02
-2.352352399999997701e+01 3.709493018210579390e-02
-2.252252299999999607e+01 3.482314176459507665e-02
-2.152152199999995830e+01 3.252782633786471117e-02
-2.052052099999997736e+01 3.022123306696770928e-02
-1.951951999999999643e+01 2.791586844727895686e-02
-1.851851899999995865e+01 2.562441542270669018e-02
-1.751751799999997772e+01 2.335964957422810920e-02
-1.651651699999999678e+01 2.113435305257304470e-02
-1.551551599999996078e+01 1.896122696382724140e-02
-1.451451499999997807e+01 1.685280294475374405e-02
-1.351351399999999714e+01 1.482135468528684302e-02
-1.251251299999996114e+01 1.287881016856791752e-02
-1.151151199999997843e+01 1.103666540377367875e-02
-1.051051099999994243e+01 9.305900423664671683e-03
-9.509510000000014784e+00 7.696898307170700962e-03
-8.508508999999978784e+00 6.219367967442195749e-03
-7.507507999999942783e+00 4.882271417781787991e-03
-6.506507000000015140e+00 3.693756191932520954e-03
-5.505505999999979139e+00 2.661093551702398401e-03
-4.504504999999943138e+00 1.790623064263812021e-03
-3.503504000000015939e+00 1.087704074213880368e-03
-2.502502999999979938e+00 5.566745322446697277e-04
-1.501501999999943715e+00 2.008175737349773317e-04
-5.005010000000160719e-01 2.233616751120681083e-05
5.005000000000200400e-01 2.233607826759141741e-05
1.501501000000056152e+00 2.008173065572033675e-04
2.502501999999983795e+00 5.566740887875258918e-04
3.503503000000019796e+00 1.087703457221240663e-03
4.504504000000055797e+00 1.790622277547395834e-03
5.505504999999983440e+00 2.661092600112053685e-03
6.506506000000019441e+00 3.693755081319421638e-03
7.507507000000055442e+00 4.882270154953349817e-03
8.508507999999983085e+00 6.219366560109608477e-03
9.509509000000019086e+00 7.696896763891113505e-03
1.051051000000005509e+01 9.305898753776097043e-03
1.151151099999998273e+01 1.103666361732420428e-02
1.251251200000001873e+01 1.287880827624190115e-02
1.351351300000005473e+01 1.482135269832472041e-02
1.451451399999998237e+01 1.685280087486988251e-02
1.551551500000001838e+01 1.896122482312513624e-02
1.651651600000005615e+01 2.113435085345753001e-02
1.751751699999998380e+01 2.335964732931757395e-02
1.851851800000001802e+01 2.562441314474492651e-02
1.951951900000005580e+01 2.791586614904643243e-02
2.052051999999998344e+01 3.022123076119498028e-02
2.152152100000001766e+01 3.252782403714789966e-02
2.252252200000005544e+01 3.482313948131268710e-02
2.352352299999998309e+01 3.709492792834002267e-02
2.452452400000001731e+01 3.933127486274181489e-02
2.552552500000005509e+01 4.152067359093362248e-02
2.652652599999998273e+01 4.365209373252004060e-02
2.752752700000001695e+01 4.571504455424888619e-02
2.852852800000005473e+01 4.769963273032110790e-02
2.952952899999998237e+01 4.959661417588356186e-02
3.053053000000001660e+01 5.139743966573151468e-02
3.153153100000005438e+01 5.309429401673415594e-02
3.253253199999998202e+01 5.468012867946568656e-02
3.353353300000001980e+01 5.614868765118929961e-02
3.453453400000005047e+01 5.749452668796172644e-02
3.553553499999998166e+01 5.871302585748713887e-02
3.653653600000001944e+01 5.980039553576249611e-02
3.753753700000005011e+01 6.075367600891758146e-02
3.853853799999998131e+01 6.157073089639530927e-02
3.953953900000001909e+01 6.225023466223311014e-02
4.054054000000004976e+01 6.279165452727498986e-02
4.154154099999998095e+01 6.319522713630383592e-02
4.254254200000001873e+01 6.346193037004373150e-02
4.354354300000004940e+01 6.359345072253824727e-02
4.454454399999998060e+01 6.359214668942721194e-02
4.554554500000001838e+01 6.346100863205149378e-02
4.654654600000004905e+01 6.320361559613311975e-02
4.754754699999998024e+01 6.282408957207352707e-02
4.854854800000001802e+01 6.232704768683818702e-02
4.954954900000004869e+01 6.171755281514348240e-02
5.055054999999997989e+01 6.100106309049736081e-02
5.155155100000001767e+01 6.018338078486555609e-02
5.255255200000004834e+01 5.927060100969731155e-02
5.355355299999997953e+01 5.826906067111923410e-02
5.455455400000001731e+01 5.718528808872017088e-02
5.555555500000005509e+01 5.602595366092675416e-02
5.655655599999997918e+01 5.479782193096099929e-02
5.755755700000001696e+01 5.350770537624226220e-02
5.855855800000005473e+01 5.216242021129886830e-02
5.955955899999997882e+01 5.076874446024672027e-02
6.056056000000001660e+01 4.933337852012500968e-02
6.156156100000005438e+01 4.786290840128172575e-02
6.256256199999997847e+01 4.636377179597390985e-02
6.356356300000001625e+01 4.484222709179814387e-02
6.456456400000004692e+01 4.330432541283392445e-02
6.556556499999997811e+01 4.175588573879994436e-02
6.656656600000000878e+01 4.020247312139201695e-02
6.756756700000005367e+01 3.864937998754223308e-02
6.856856799999998486e+01 3.710161049182859189e-02
6.956956900000001554e+01 3.556386785487603008e-02
7.057057000000004621e+01 3.404054460145237992e-02
7.157157099999997740e+01 3.253571559119124851e-02
7.257257200000000807e+01 3.105313371655301843e-02
7.357357300000005296e+01 2.959622812679449724e-02
7.457457399999998415e+01 2.816810482336249907e-02
7.557557500000001482e+01 2.677154946124925272e-02
7.657657600000004550e+01 2.540903218238242667e-02
7.757757699999997669e+01 2.408271430099274621e-02
7.857857800000000736e+01 2.279445665702395027e-02
7.957957900000005225e+01 2.154582945188667290e-02
8.058057999999998344e+01 2.033812338107968479e-02
8.158158100000001411e+01 1.917236188026601174e-02
8.258258200000004479e+01 1.804931430512894328e-02
8.358358299999997598e+01 1.696950987057448471e-02
8.458458400000000665e+01 1.593325218142918956e-02
8.558558500000005154e+01 1.494063419452036634e-02
8.658658599999998273e+01 1.399155346074190676e-02
8.758758700000001340e+01 1.308572750524147725e-02
8.858858800000004408e+01 1.222270921403242026e-02
8.958958899999997527e+01 1.140190210597533463e-02
9.059059000000000594e+01 1.062257538004226544e-02
9.159159100000005083e+01 9.883878638915969198e-03
9.259259199999998202e+01 9.184856201152028984e-03
9.359359300000001269e+01 8.524460925226375746e-03
9.459459400000004337e+01 7.901567479682181094e-03
9.559559499999997456e+01 7.314985004179919842e-03
9.659659600000000523e+01 6.763469116459577476e-03
9.759759700000005012e+01 6.245733229961165402e-03
9.859859799999998131e+01 5.760459156057733468e-03
9.959959900000001198e+01 5.306306973485580558e-03
1.006006000000000427e+02 4.881924155565155535e-03
1.016016009999999739e+02 4.485953953163908901e-03
1.026026020000000045e+02 4.117043038045528451e-03
1.036036030000000494e+02 3.773848417264093723e-03
1.046046039999999806e+02 3.455043634597876941e-03
1.056056050000000113e+02 3.159324279686605286e-03
1.066066060000000419e+02 2.885412829549227013e-03
1.076076069999999731e+02 2.632062850538420193e-03
1.086086080000000180e+02 2.398062591562236980e-03
1.096096090000000487e+02 2.182238001600406412e-03
1.106106099999999799e+02 1.983455206198131340e-03
1.116116110000000106e+02 1.800622478772860753e-03
1.126126120000000412e+02 1.632691743257021601e-03
1.136136129999999724e+02 1.478659644862848456e-03
1.146146140000000173e+02 1.337568225637626772e-03
1.156156150000000480e+02 1.208505241018457271e-03
1.166166159999999792e+02 1.090604152836553535e-03
1.176176170000000099e+02 9.830438332035014871e-04
1.186186180000000405e+02 8.850480124733569156e-04
1.196196189999999717e+02 7.958845030522831640e-04
1.206206200000000166e+02 7.148642292579274801e-04
1.216216210000000473e+02 6.413400917458198262e-04
1.226226219999999785e+02 5.747056932505687204e-04
1.236236230000000091e+02 5.143939505646153354e-04
1.246246240000000398e+02 4.598756158214541037e-04
1.256256249999999710e+02 4.106577282868322984e-04
1.266266260000000159e+02 3.662820160116052911e-04
1.276276270000000466e+02 3.263232648808014284e-04
1.286286279999999635e+02 2.903876708208965218e-04
1.296296290000000226e+02 2.581111892146321311e-04
1.306306300000000533e+02 2.291578939304856667e-04
1.316316309999999703e+02 2.032183568109296166e-04
1.326326320000000010e+02 1.800080569869874506e-04
1.336336330000000316e+02 1.592658280009351640e-04
1.346346339999999770e+02 1.407523494277448874e-04
1.356356350000000077e+02 1.242486884910229351e-04
1.366366360000000384e+02 1.095548960710141575e-04
1.376376369999999838e+02 9.648866050014683342e-05
1.386386380000000145e+02 8.488402163401395260e-05
1.396396390000000451e+02 7.459014686989068202e-05
1.406406400000000758e+02 6.547017005769337238e-05
1.416416410000000212e+02 5.740009360588713312e-05
1.426426420000000519e+02 5.026775352279988014e-05
1.436436430000000826e+02 4.397184664754040875e-05
1.446446439999999996e+02 3.842101890922133324e-05
1.456456450000000302e+02 3.353301310349182164e-05
1.466466460000000893e+02 2.923387438624701408e-05
1.476476470000000063e+02 2.545721145069450582e-05
1.486486480000000370e+02 2.214351117067933346e-05
1.496496490000000676e+02 1.923950435528588463e-05
1.506506500000000131e+02 1.669758016247991939e-05
1.516516510000000437e+02 1.447524665834946925e-05
1.526526520000000744e+02 1.253463497896146949e-05
1.536536530000000198e+02 1.084204454986166740e-05
1.546546540000000505e+02 9.367526839988444404e-06
1.556556550000000811e+02 8.084505168645786770e-06
1.566566559999999981e+02 6.969428142909040361e-06
1.576576570000000572e+02 6.001454375421947171e-06
1.586586580000000879e+02 5.162166216233703748e-06
1.596596590000000049e+02 4.435310324668720111e-06
1.606606600000000356e+02 3.806563006023602533e-06
1.616616610000000662e+02 3.263318341187268495e-06
1.626626620000000116e+02 2.794497243368585481e-06
1.636636630000000423e+02 2.390375683509025725e-06
1.646646640000000730e+02 2.042430433361896826e-06
1.656656650000000184e+02 1.743200781549703703e-06
1.666666660000000491e+02 1.486164782252705289e-06
1.676676670000000797e+02 1.265628697778986578e-06
1.686686679999999967e+02 1.076628394511189966e-06
1.696696690000000558e+02 9.148415461425886277e-07
1.706706700000000865e+02 7.765095883405864926e-07
1.716716710000000035e+02 6.583684547515881518e-07
1.726726720000000341e+02 5.575872054189588320e-07
1.736736730000000648e+02 4.717137351326680999e-07
1.746746740000000102e+02 3.986268209405436596e-07
1.756756750000000409e+02 3.364938350590970709e-07
1.766766760000000716e+02 2.837335118037579722e-07
1.776776770000000170e+02 2.389832150312374657e-07
1.786786780000000476e+02 2.010702060988971244e-07
1.796796790000000783e+02 1.689864616683849967e-07
1.806806799999999953e+02 1.418666360036771144e-07
1.816816810000000544e+02 1.189688039401777043e-07
1.826826820000000851e+02 9.965765864224086318e-08
1.836836830000000020e+02 8.338987283724224545e-08
1.846846840000000327e+02 6.970136363193316859e-08
1.856856850000000634e+02 5.819622949597889554e-08
1.866866860000000088e+02 4.853715374950356755e-08
1.876876870000000395e+02 4.043709212142993816e-08
1.886886880000000701e+02 3.365208285124229288e-08
1.896896890000000155e+02 2.797503657813523326e-08
1.906906900000000462e+02 2.323038007875087219e-08
1.916916910000000769e+02 1.926944294834920238e-08
1.926926919999999939e+02 1.596648973078896712e-08
1.936936930000000530e+02 1.321531194039023641e-08
1.946946940000000836e+02 1.092630502347498640e-08
1.956956950000000006e+02 9.023964709041005285e-09
1.966966960000000313e+02 7.444745516592206397e-09
1.976976970000000620e+02 6.135231535047244867e-09
1.986986980000000074e+02 5.050576061183233447e-09
1.996996990000000380e+02 4.153172381838379851e-09
2.007007000000000687e+02 3.411522985430493931e-09
2.017017010000000141e+02 2.799278871861981911e-09
2.027027020000000448e+02 2.294424464944426242e-09
2.037037030000000755e+02 1.878586980703860817e-09
2.047047039999999924e+02 1.536452024705128132e-09
2.057057050000000515e+02 1.255269732490884207e-09
2.067067060000000822e+02 1.024437974695420524e-09
2.077077069999999992e+02 8.351510628673810849e-10
2.087087080000000299e+02 6.801040496040166541e-10
2.097097090000000890e+02 5.532441493367452061e-10
2.107107100000000059e+02 4.495620424611783420e-10
2.117117110000000366e+02 3.649168906444975866e-10
2.127127120000000673e+02 2.958898072874242187e-10
2.137137130000000127e+02 2.396613138407017631e-10
2.147147140000000434e+02 1.939089871822773865e-10
2.157157150000000740e+02 1.567220806410205539e-10
2.167167159999999910e+02 1.265303947158116607e-10
2.177177170000000501e+02 1.020450946245791722e-10
2.187187180000000808e+02 8.220953058572495656e-11
2.197197189999999978e+02 6.615842193773210639e-11
2.207207200000000284e+02 5.318402544294060772e-11
2.217217210000000875e+02 4.270812798673726288e-11
2.227227220000000045e+02 3.425889007369657630e-11
2.237237230000000352e+02 2.745172395954601762e-11
2.247247240000000659e+02 2.197352318454776945e-11
2.257257250000000113e+02 1.756967234017037402e-11
2.267267260000000419e+02 1.403336024175661209e-11
2.277277270000000726e+02 1.119679898286337149e-11
2.287287279999999896e+02 8.924017912321513752e-12
2.297297290000000487e+02 7.104957368060549751e-12
2.307307300000000794e+02 5.650633698464391943e-12
2.317317309999999964e+02 4.489186129636604983e-12
2.327327320000000270e+02 3.562648608591517057e-12
2.337337330000000861e+02 2.824316897510613329e-12
2.347347340000000031e+02 2.236603785018054414e-12
2.357357350000000338e+02 1.769294054683141343e-12
2.367367360000000645e+02 1.398126431640127317e-12
2.377377370000000099e+02 1.103642640598390210e-12
2.387387380000000405e+02 8.702543947537668758e-13
2.397397390000000712e+02 6.854879668085286242e-13
2.407407399999999882e+02 5.393732822900115273e-13
2.417417410000000473e+02 4.239504828833569779e-13
2.427427420000000780e+02 3.328718521053500329e-13
2.437437429999999949e+02 2.610810598847066739e-13
2.447447440000000256e+02 2.045550187115162005e-13
2.457457450000000847e+02 1.600963787375365825e-13
2.467467460000000017e+02 1.251669279479421561e-13
2.477477470000000324e+02 9.775399378570621314e-14
2.487487480000000630e+02 7.626343692731618747e-14
2.497497490000000084e+02 5.943404632415721744e-14
2.507507500000000391e+02 4.626913676285450155e-14
2.517517510000000698e+02 3.598195701592501553e-14
2.527527519999999868e+02 2.795217190371843198e-14
2.537537530000000459e+02 2.169121304510911400e-14
2.547547540000000765e+02 1.681472356128177410e-14
2.557557549999999935e+02 1.302067024223335375e-14
2.567567560000000526e+02 1.007197803452653001e-14
2.577577570000000833e+02 7.782768716954289576e-15
2.587587580000000003e+02 6.007468556726980642e-15
2.597597590000000309e+02 4.632196952618266786e-15
2.607607600000000616e+02 3.567966392681532408e-15
2.617617609999999786e+02 2.745319031177897506e-15
2.627627620000000093e+02 2.110101330306702286e-15
2.637637630000000968e+02 1.620139174841094704e-15
2.647647640000000138e+02 1.242624615428503744e-15
2.657657650000000444e+02 9.520643270212704340e-16
2.667667660000000751e+02 7.286709201911603221e-16
2.677677669999999921e+02 5.571029783785122617e-16
2.687687680000000228e+02 4.254793732662674634e-16
2.697697690000000534e+02 3.246090472568922848e-16
2.707707699999999704e+02 2.473898612032446461e-16
2.717717710000000579e+02 1.883399409682610447e-16
2.727727720000000886e+02 1.432327421182765549e-16
2.737737730000000056e+02 1.088132075476027527e-16
2.747747740000000363e+02 8.257725337302741318e-17
2.757757750000000669e+02 6.260065167427762389e-17
2.767767759999999839e+02 4.740639796329572738e-17
2.777777770000000146e+02 3.586202652018930721e-17
2.787787780000000453e+02 2.710020300875015931e-17
2.797797790000000191e+02 2.045738833546106919e-17
2.807807800000000498e+02 1.542651559948622361e-17
2.817817810000000804e+02 1.162052056052903448e-17
2.827827819999999974e+02 8.744268608295166847e-18
2.837837830000000281e+02 6.572969839885032654e-18
2.847847840000000588e+02 4.935601743327856511e-18
2.857857849999999758e+02 3.702192307048284193e-18
2.867867860000000064e+02 2.774075711036279826e-18
2.877877870000000939e+02 2.076434282289538072e-18
2.887887880000000109e+02 1.552596810691717259e-18
2.897897890000000416e+02 1.159684573409681125e-18
2.907907900000000723e+02 8.652902965165169573e-19
2.917917909999999893e+02 6.449478826756944746e-19
2.927927920000000199e+02 4.802068092865499700e-19
2.937937930000000506e+02 3.571683613906829790e-19
2.947947939999999676e+02 2.653741965888022610e-19
2.957957950000000551e+02 1.969633922743427165e-19
2.967967960000000858e+02 1.460338443738954246e-19
2.977977970000000028e+02 1.081590260262733089e-19
2.987987980000000334e+02 8.002272391060686757e-20
2.997997990000000641e+02 5.914326166460410364e-20
3.008007999999999811e+02 4.366552201330961486e-20
3.018018010000000118e+02 3.220427668950594443e-20
3.028028020000000424e+02 2.372629980815901690e-20
3.038038030000000163e+02 1.746176395648314366e-20
3.048048040000000469e+02 1.283772031465391726e-20
3.058058050000000776e+02 9.428214736803067859e-21
3.068068059999999946e+02 6.916921411614151711e-21
3.078078070000000253e+02 5.069184499095326851e-21
3.088088080000000559e+02 3.711122549578481459e-21
3.098098089999999729e+02 2.714029064174136663e-21
3.108108100000000036e+02 1.982739924436905545e-21
3.118118110000000911e+02 1.446968666350234240e-21
3.128128120000000081e+02 1.054859642550095533e-21
3.138138130000000388e+02 7.681967405778302426e-22
3.148148140000000694e+02 5.588464961523831844e-22
3.158158149999999864e+02 4.061205352203654841e-22
3.168168160000000171e+02 2.948219187206744741e-22
3.178178170000000478e+02 2.137996759658517918e-22
3.188188180000000216e+02 1.548805305000014553e-22
3.198198190000000523e+02 1.120802721694881079e-22
3.208208200000000829e+02 8.102222105663286776e-23
3.218218209999999999e+02 5.850887972827592895e-23
3.228228220000000306e+02 4.220677262467047050e-23
3.238238230000000613e+02 3.041482222447058086e-23
3.248248239999999782e+02 2.189430920113638074e-23
3.258258250000000089e+02 1.574418158592459828e-23
3.268268260000000396e+02 1.130972023011157631e-23
3.278278270000000134e+02 8.115711732566175372e-24
3.288288280000000441e+02 5.817607164699628592e-24
3.298298290000000748e+02 4.165865550433690211e-24
3.308308299999999917e+02 2.979951757634094701e-24
3.318318310000000224e+02 2.129395796075775809e-24
3.328328320000000531e+02 1.520011151800704141e-24
3.338338329999999701e+02 1.083878062917574723e-24
3.348348340000000007e+02 7.720712775293554522e-25
3.358358350000000883e+02 5.493861794446760975e-25
3.368368360000000052e+02 3.905183754332273363e-25
3.378378370000000359e+02 2.772992366376692665e-25
3.388388380000000666e+02 1.966977424981019949e-25
3.398398389999999836e+02 1.393778058884352673e-25
3.408408400000000142e+02 9.865780810844656851e-26
3.418418410000000449e+02 6.976103842748355905e-26
3.428428420000000187e+02 4.927629992025641541e-26
3.438438430000000494e+02 3.477018213133481140e-26
3.448448440000000801e+02 2.450866224330851066e-26
3.458458449999999971e+02 1.725742744594703717e-26
3.468468460000000277e+02 1.213881677266177600e-26
3.478478470000000584e+02 8.529440587018420650e-27
3.488488479999999754e+02 5.986991957451678854e-27
3.498498490000000061e+02 4.197983973972415079e-27
3.508508500000000367e+02 2.940470955191691261e-27
3.518518510000000106e+02 2.057486850278926803e-27
3.528528520000000412e+02 1.438140574627345748e-27
3.538538530000000719e+02 1.004175790888678136e-27
3.548548539999999889e+02 7.004261160622065637e-28
3.558558550000000196e+02 4.880441707400364724e-28
3.568568560000000502e+02 3.397036263815132800e-28
3.578578569999999672e+02 2.362030650287695013e-28
3.588588579999999979e+02 1.640647214053536384e-28
3.598598590000000854e+02 1.138385225422863085e-28
3.608608600000000024e+02 7.890557737044749201e-29
3.618618610000000331e+02 5.463495589856437129e-29
3.628628620000000637e+02 3.779009398670338557e-29
3.638638629999999807e+02 2.611138235005111896e-29
3.648648640000000114e+02 1.802296791928870305e-29
3.658658650000000421e+02 1.242702993336070179e-29
3.668668660000000159e+02 8.559590819005571938e-30
3.678678670000000466e+02 5.889566428050013890e-30
3.688688680000000772e+02 4.048166255855158904e-30
3.698698689999999942e+02 2.779573015227493158e-30
3.708708700000000249e+02 1.906525411417139323e-30
3.718718710000000556e+02 1.306327017308765446e-30
3.728728719999999726e+02 8.941410897538053350e-31
3.738738730000000032e+02 6.113713237000007691e-31
3.748748740000000339e+02 4.175889289085560626e-31
3.758758750000000077e+02 2.849297662321809721e-31
3.768768760000000384e+02 1.942100205121883319e-31
3.778778770000000691e+02 1.322362259520040476e-31
3.788788779999999861e+02 8.994443322801469881e-32
3.798798790000000167e+02 6.111435000584639594e-32
3.808808800000000474e+02 4.148176249566327632e-32
3.818818809999999644e+02 2.812654137207652637e-32
3.828828820000000519e+02 1.905112478885535125e-32
3.838838830000000826e+02 1.289051005476673346e-32
3.848848839999999996e+02 8.712941602490982497e-33
3.858858850000000302e+02 5.883080029127804289e-33
3.868868860000000609e+02 3.968167459981421702e-33
3.878878869999999779e+02 2.673748408398682724e-33
3.888888880000000086e+02 1.799684718637459573e-33
3.898898890000000392e+02 1.210090053159562366e-33
3.908908900000000131e+02 8.128012349103899426e-34
3.918918910000000437e+02 5.453765362763575458e-34
3.928928920000000744e+02 3.655560735591720062e-34
3.938938929999999914e+02 2.447693571704728309e-34
3.948948940000000221e+02 1.637214597030510784e-34
3.958958950000000527e+02 1.093955647549014050e-34
3.968968959999999697e+02 7.301959087583464971e-35
3.978978970000000004e+02 4.868830750228674528e-35
3.988988980000000311e+02 3.243064529951634632e-35
3.998998990000001186e+02 2.157904198258613762e-35
4.009009000000000356e+02 1.434347610604843048e-35
4.019019010000000662e+02 9.524065651131250062e-36
4.029029020000000969e+02 6.317366677546470957e-36
4.039039030000000139e+02 4.185964642189932491e-36
4.049049040000000446e+02 2.770772177277927307e-36
4.059059050000000752e+02 1.832111491606418848e-36
4.069069060000000491e+02 1.210176803073022199e-36
4.079079070000000797e+02 7.985307041507467331e-37
4.089089080000001104e+02 5.263568894456580030e-37
4.099099090000000274e+02 3.465891201503410877e-37
4.109109100000000581e+02 2.279793371370255968e-37
4.119119110000000887e+02 1.498035205986928331e-37
4.129129120000000057e+02 9.833192719147870918e-38
4.139139130000000364e+02 6.447822955288933462e-38
4.149149140000000671e+02 4.223550625217646357e-38
4.159159150000000409e+02 2.763683945656957451e-38
4.169169160000000716e+02 1.806529854114393264e-38
4.179179170000001022e+02 1.179636033289020275e-38
4.189189180000000192e+02 7.694795122405371983e-39
4.199199190000000499e+02 5.014091553268212441e-39
4.209209200000000806e+02 3.263875988597596275e-39
4.219219209999999975e+02 2.122370760107773172e-39
4.229229220000000851e+02 1.378653399704740825e-39
4.239239230000001157e+02 8.946129891839060948e-40
4.249249240000000327e+02 5.799113208572557238e-40
4.259259250000000634e+02 3.755210453850930201e-40
4.269269260000000941e+02 2.429144248022045099e-40
4.279279270000000110e+02 1.569707309266582836e-40
4.289289280000000417e+02 1.013282239105785920e-40
4.299299290000000724e+02 6.534142123895537617e-41
4.309309300000000462e+02 4.209137771907856866e-41
4.319319310000000769e+02 2.708595458514669149e-41
4.329329320000001076e+02 1.741171751777033637e-41
4.339339330000000245e+02 1.118112654924636257e-41
4.349349340000000552e+02 7.172590191567883732e-42
4.359359350000000859e+02 4.596349021285700135e-42
4.369369360000000029e+02 2.942364876116142811e-42
4.379379370000000335e+02 1.881597053233418498e-42
4.389389380000000642e+02 1.201996795589131544e-42
4.399399390000000380e+02 7.670551766029032694e-43
4.409409400000000687e+02 4.889861188499497809e-43
4.419419410000000994e+02 3.113960553913239842e-43
4.429429420000000164e+02 1.980962953826444910e-43
4.439439430000000470e+02 1.258885675329703833e-43
4.449449440000000777e+02 7.991769340432368192e-44
4.459459449999999947e+02 5.068113361791786867e-44
4.469469460000000822e+02 3.210675771188718585e-44
4.479479470000001129e+02 2.031857989963369203e-44
4.489489480000000299e+02 1.284508673099049203e-44
4.499499490000000606e+02 8.111992487472455927e-45
4.509509500000000912e+02 5.117582665385608268e-45
4.519519510000000082e+02 3.225143482618549667e-45
4.529529520000000389e+02 2.030392874672451273e-45
4.539539530000000696e+02 1.276903288957328784e-45
4.549549540000000434e+02 8.022003259040974678e-46
4.559559550000000741e+02 5.034479591801698606e-46
4.569569560000001047e+02 3.156263666132658568e-46
4.579579570000000217e+02 1.976691642116944281e-46
4.589589580000000524e+02 1.236663529441078274e-46
4.599599590000000831e+02 7.728784097532457365e-47
4.609609600000000000e+02 4.825227685716833486e-47
4.619619610000000307e+02 3.009341522382431008e-47
4.629629620000000614e+02 1.874874458487669442e-47
4.639639630000000352e+02 1.166863282647924301e-47
4.649649640000000659e+02 7.254622852628128763e-48
4.659659650000000966e+02 4.505643294116760778e-48
4.669669660000000135e+02 2.795412426002150317e-48
4.679679670000000442e+02 1.732535380187852417e-48
4.689689680000000749e+02 1.072668397073982506e-48
4.699699689999999919e+02 6.634314093819078665e-49
4.709709700000000794e+02 4.098960739022313169e-49
4.719719710000001101e+02 2.529872833564232837e-49
4.729729720000000270e+02 1.559806925766903598e-49
4.739739730000000577e+02 9.607054038690617598e-50
4.749749740000000884e+02 5.910944418239709827e-50
4.759759750000000054e+02 3.633045080131726999e-50
4.769769760000000360e+02 2.230652828011146114e-50
4.779779770000000667e+02 1.368171316340206755e-50
4.789789780000000974e+02 8.382938819642844504e-51
4.799799789999999575e+02 5.130969644767067068e-51
4.809809799999999882e+02 3.137255889323867275e-51
4.819819810000000189e+02 1.916230754152422203e-51
4.829829820000000495e+02 1.169211421813830780e-51
4.839839830000000802e+02 7.126654233532379794e-52
4.849849840000001109e+02 4.339360577172784198e-52
4.859859849999999710e+02 2.639448645169929408e-52
4.869869860000000017e+02 1.603792343538415541e-52
4.879879870000000324e+02 9.734877978884161269e-53
4.889889880000000630e+02 5.902831155044923618e-53
4.899899890000000937e+02 3.575507525441704494e-53
4.909909900000001244e+02 2.163528069157091021e-53
4.919919909999999277e+02 1.307780592970778417e-53
4.929929919999999584e+02 7.896866096392425088e-54
4.939939929999999890e+02 4.763456521609358457e-54
4.949949940000000765e+02 2.870365474782367060e-54
4.959959950000001072e+02 1.727825043903066108e-54
4.969969960000001379e+02 1.038986538537173714e-54
4.979979969999999412e+02 6.241193971145930905e-55
4.989989979999999719e+02 3.745183121421143119e-55
4.999999990000000025e+02 2.245050251011638609e-55
