-2.000000000000000000e+02 2.791942751088604548e-49
-1.995996000000000095e+02 4.365442836204253298e-49
-1.991992000000000189e+02 6.819634219323509466e-49
-1.987988000000000000e+02 1.064399925911009381e-48
-1.983984000000000094e+02 1.659814555563124482e-48
-1.979980000000000189e+02 2.585980708081263838e-48
-1.975975999999999999e+02 4.025334460637606882e-48
-1.971972000000000094e+02 6.260220647836214593e-48
-1.967968000000000188e+02 9.727209928982376800e-48
-1.963964000000000283e+02 1.510072906661762504e-47
-1.959960000000000093e+02 2.342170578724762935e-47
-1.955955999999999904e+02 3.629527620010615989e-47
-1.951952000000000282e+02 5.619435215948799743e-47
-1.947948000000000093e+02 8.692530249430416595e-47
-1.943943999999999903e+02 1.343416664760782556e-46
-1.939939999999999998e+02 2.074370037086434620e-46
-1.935936000000000092e+02 3.200167489143715855e-46
-1.931932000000000187e+02 4.932534888403882938e-46
-1.927927999999999997e+02 7.595888854982123787e-46
-1.923924000000000092e+02 1.168686468940060809e-45
-1.919920000000000186e+02 1.796504911878212834e-45
-1.915915999999999997e+02 2.759114864065976137e-45
-1.911912000000000091e+02 4.233719992790272562e-45
-1.907908000000000186e+02 6.490609198815443152e-45
-1.903903999999999996e+02 9.941679748783483044e-45
-1.899900000000000091e+02 1.521405759556723957e-44
-1.895896000000000186e+02 2.326169310369732194e-44
-1.891892000000000280e+02 3.553436558256041442e-44
-1.887888000000000090e+02 5.423339465687289072e-44
-1.883883999999999901e+02 8.269818750216856875e-44
-1.879880000000000280e+02 1.259900278387588065e-43
-1.875876000000000090e+02 1.917729422162951995e-43
-1.871872000000000185e+02 2.916415982013036553e-43
-1.867867999999999995e+02 4.431212593944419371e-43
-1.863864000000000090e+02 6.726771602899963484e-43
-1.859860000000000184e+02 1.020238613744648565e-42
-1.855855999999999995e+02 1.545994020231614719e-42
-1.851852000000000089e+02 2.340587286495718381e-42
-1.847848000000000184e+02 3.540404241865382764e-42
-1.843843999999999994e+02 5.350468873351234383e-42
-1.839840000000000089e+02 8.078706120622277241e-42
-1.835836000000000183e+02 1.218716685256029565e-41
-1.831831999999999994e+02 1.836854187804460655e-41
-1.827828000000000088e+02 2.766034465311412207e-41
-1.823823999999999899e+02 4.161515057916325165e-41
-1.819820000000000277e+02 6.255417955643092059e-41
-1.815816000000000088e+02 9.394467603185288583e-41
-1.811811999999999898e+02 1.409610066642120724e-40
-1.807808000000000277e+02 2.113181455330896328e-40
-1.803804000000000087e+02 3.165086385066112958e-40
-1.799799999999999898e+02 4.736366748366400012e-40
-1.795795999999999992e+02 7.081349963934348849e-40
-1.791792000000000087e+02 1.057785893938765218e-39
-1.787788000000000181e+02 1.578666754615278388e-39
-1.783783999999999992e+02 2.353933198208651537e-39
-1.779780000000000371e+02 3.506782118894266690e-39
-1.775776000000000181e+02 5.219566218343463999e-39
-1.771771999999999991e+02 7.761953178235223591e-39
-1.767768000000000086e+02 1.153237097532526095e-38
-1.763764000000000181e+02 1.711895179070268771e-38
-1.759759999999999991e+02 2.538906527447042570e-38
-1.755756000000000085e+02 3.762073136230967424e-38
-1.751751999999999896e+02 5.569532402257699456e-38
-1.747748000000000275e+02 8.237989127214738517e-38
-1.743744000000000085e+02 1.217403855113452641e-37
-1.739739999999999895e+02 1.797459483326025797e-37
-1.735736000000000274e+02 2.651517668879921538e-37
-1.731732000000000085e+02 3.907877306788454667e-37
-1.727728000000000179e+02 5.754376759072624353e-37
-1.723723999999999990e+02 8.465773508669925657e-37
-1.719720000000000084e+02 1.244359810343992988e-36
-1.715716000000000179e+02 1.827411213710802519e-36
-1.711711999999999989e+02 2.681251631966934688e-36
-1.707708000000000084e+02 3.930518465280871777e-36
-1.703704000000000178e+02 5.756693228024251916e-36
-1.699699999999999989e+02 8.423785725217128994e-36
-1.695696000000000083e+02 1.231551321326859829e-35
-1.691692000000000178e+02 1.798906937094139657e-35
-1.687688000000000272e+02 2.625281374234847385e-35
-1.683684000000000083e+02 3.827841943514602842e-35
-1.679679999999999893e+02 5.576261285565481327e-35
-1.675676000000000272e+02 8.116021937479968912e-35
-1.671672000000000082e+02 1.180196406793773790e-34
-1.667667999999999893e+02 1.714653390696000895e-34
-1.663664000000000271e+02 2.488911050478683672e-34
-1.659660000000000082e+02 3.609552708565017228e-34
-1.655655999999999892e+02 5.230080564321772859e-34
-1.651651999999999987e+02 7.571367880663880689e-34
-1.647648000000000366e+02 1.095093740821909723e-33
-1.643644000000000176e+02 1.582483621290011974e-33
-1.639639999999999986e+02 2.284747072819593445e-33
-1.635636000000000081e+02 3.295702596601180128e-33
-1.631632000000000176e+02 4.749729505487215302e-33
-1.627627999999999986e+02 6.839127804458021727e-33
-1.623624000000000080e+02 9.838831896714061507e-33
-1.619620000000000175e+02 1.414156063503560778e-32
-1.615615999999999985e+02 2.030776449495327761e-32
-1.611612000000000080e+02 2.913653315261597080e-32
-1.607607999999999890e+02 4.176616609776296662e-32
-1.603604000000000269e+02 5.981668290792782538e-32
-1.599600000000000080e+02 8.559157522949607342e-32
-1.595596000000000174e+02 1.223631620587754323e-31
-1.591591999999999985e+02 1.747758174951116445e-31
-1.587588000000000079e+02 2.494152314787590950e-31
-1.583584000000000174e+02 3.556113224036385309e-31
-1.579579999999999984e+02 5.065696509402600418e-31
-1.575576000000000079e+02 7.209642548867111150e-31
-1.571572000000000173e+02 1.025177999852946836e-30
-1.567567999999999984e+02 1.456450741901158007e-30
-1.563563999999999794e+02 2.067299041214632642e-30
-1.559560000000000173e+02 2.931715236374936216e-30
-1.555555999999999983e+02 4.153854151727217238e-30
-1.551552000000000078e+02 5.880194372168119562e-30
-1.547548000000000172e+02 8.316548014786357596e-30
-1.543544000000000267e+02 1.175182985676875181e-29
-1.539540000000000077e+02 1.659124092060457123e-29
-1.535535999999999888e+02 2.340255222720467851e-29
-1.531532000000000266e+02 3.298060022609886511e-29
-1.527528000000000077e+02 4.643707604488615654e-29
-1.523523999999999887e+02 6.532541175158691102e-29
-1.519519999999999982e+02 9.181432044978636354e-29
-1.515516000000000076e+02 1.289287200965094600e-28
-1.511512000000000171e+02 1.808838933695369564e-28
-1.507507999999999981e+02 2.535485328762612537e-28
-1.503504000000000360e+02 3.550857838483895970e-28
-1.499500000000000171e+02 4.968398791477046705e-28
-1.495495999999999981e+02 6.945613112360242705e-28
-1.491492000000000075e+02 9.700982207446908041e-28
-1.487488000000000170e+02 1.353729230230575362e-27
-1.483483999999999980e+02 1.887377979112025975e-27
-1.479480000000000075e+02 2.629038460854302226e-27
-1.475476000000000170e+02 3.658861532955806269e-27
-1.471471999999999980e+02 5.087518338002580905e-27
-1.467468000000000075e+02 7.067681658289546301e-27
-1.463463999999999885e+02 9.809772840166120242e-27
-1.459460000000000264e+02 1.360353882499507457e-26
-1.455456000000000074e+02 1.884759013341069826e-26
-1.451452000000000169e+02 2.608979917016456738e-26
-1.447447999999999979e+02 3.608250014271163094e-26
-1.443444000000000074e+02 4.985784311643846560e-26
-1.439440000000000168e+02 6.883056431038118701e-26
-1.435435999999999979e+02 9.493801615091355548e-26
-1.431432000000000073e+02 1.308307868316831523e-25
-1.427428000000000168e+02 1.801319427610820516e-25
-1.423423999999999978e+02 2.477892672788254286e-25
-1.419420000000000073e+02 3.405534063803483754e-25
-1.415416000000000167e+02 4.676263173129148804e-25
-1.411412000000000262e+02 6.415398515910661010e-25
-1.407408000000000072e+02 8.793450289381490906e-25
-1.403403999999999883e+02 1.204220358281309392e-24
-1.399400000000000261e+02 1.647644814928972887e-24
-1.395396000000000072e+02 2.252330955495541064e-24
-1.391391999999999882e+02 3.076180353791393841e-24
-1.387388000000000261e+02 4.197612663749192908e-24
-1.383384000000000071e+02 5.722738580059041100e-24
-1.379379999999999882e+02 7.795005610726078618e-24
-1.375375999999999976e+02 1.060815692600703635e-23
-1.371372000000000355e+02 1.442362484093925720e-23
-1.367367999999999881e+02 1.959385450413012804e-23
-1.363363999999999976e+02 2.659355018137134017e-23
-1.359360000000000070e+02 3.606149581205142278e-23
-1.355356000000000165e+02 4.885647555590652168e-23
-1.351351999999999975e+02 6.613197765229746320e-23
-1.347348000000000070e+02 8.943589657734196790e-23
-1.343344000000000165e+02 1.208434730871863915e-22
-1.339339999999999975e+02 1.631343852946720544e-22
-1.335336000000000070e+02 2.200284309855123872e-22
-1.331331999999999880e+02 2.964988898323318699e-22
-1.327327999999999975e+02 3.991887745182195641e-22
-1.323324000000000069e+02 5.369632301687277791e-22
-1.319320000000000164e+02 7.216419201086466377e-22
-1.315316000000000258e+02 9.689691230929670233e-22
-1.311312000000000069e+02 1.299897479577396416e-21
-1.307308000000000163e+02 1.742285185858064705e-21
-1.303303999999999974e+02 2.333137666205106305e-21
-1.299300000000000068e+02 3.121565590397554875e-21
-1.295296000000000163e+02 4.172684449065553079e-21
-1.291291999999999973e+02 5.572750513830347566e-21
-1.287288000000000068e+02 7.435918765392824375e-21
-1.283284000000000162e+02 9.913126573689441142e-21
-1.279280000000000257e+02 1.320376070653650252e-20
-1.275275999999999925e+02 1.757096514490923173e-20
-1.271272000000000020e+02 2.336170676014356254e-20
-1.267268000000000256e+02 3.103305264008481886e-20
-1.263264000000000067e+02 4.118654923526321288e-20
-1.259260000000000019e+02 5.461315846008452527e-20
-1.255256000000000114e+02 7.235193658395980483e-20
-1.251252000000000066e+02 9.576658585956223008e-20
-1.247248000000000019e+02 1.266452274715215509e-19
-1.243244000000000113e+02 1.673303158003203770e-19
-1.239240000000000066e+02 2.208876382773272260e-19
-1.235235999999999876e+02 2.913259501591253362e-19
-1.231232000000000113e+02 3.838821426357456013e-19
-1.227228000000000208e+02 5.053911439911118913e-19
-1.223224000000000160e+02 6.647652722417382565e-19
-1.219219999999999970e+02 8.736148312345211930e-19
-1.215216000000000065e+02 1.147050799525537363e-18
-1.211212000000000018e+02 1.504722047159550151e-18
-1.207208000000000112e+02 1.972154320625477878e-18
-1.203204000000000065e+02 2.582477136244974666e-18
-1.199200000000000017e+02 3.378648825229636988e-18
-1.195196000000000112e+02 4.416320680865286089e-18
-1.191192000000000064e+02 5.767520239705580183e-18
-1.187188000000000159e+02 7.525383417606280676e-18
-1.183183999999999969e+02 9.810228332904938627e-18
-1.179180000000000064e+02 1.277734372746933021e-17
-1.175176000000000016e+02 1.662696639978207636e-17
-1.171172000000000111e+02 2.161705059400313897e-17
-1.167168000000000063e+02 2.807959487522643507e-17
-1.163164000000000016e+02 3.644149747801037464e-17
-1.159160000000000110e+02 4.725117048160951366e-17
-1.155156000000000063e+02 6.121247025149321917e-17
-1.151152000000000157e+02 7.922791365188183908e-17
-1.147147999999999968e+02 1.024536681240076855e-16
-1.143144000000000062e+02 1.323694557080047764e-16
-1.139140000000000015e+02 1.708673299322280142e-16
-1.135136000000000109e+02 2.203643118494865452e-16
-1.131132000000000204e+02 2.839451591320207270e-16
-1.127128000000000014e+02 3.655431543212140768e-16
-1.123124000000000109e+02 4.701688147834386721e-16
-1.119120000000000061e+02 6.041989464166170166e-16
-1.115116000000000156e+02 7.757416079133300470e-16
-1.111111999999999966e+02 9.950964735195802198e-16
-1.107108000000000061e+02 1.275334966323992245e-15
-1.103104000000000013e+02 1.633030611331459079e-15
-1.099100000000000108e+02 2.089177611506055568e-15
-1.095096000000000060e+02 2.670345029646027267e-15
-1.091092000000000013e+02 3.410125593486648116e-15
-1.087088000000000108e+02 4.350952557778614787e-15
-1.083084000000000060e+02 5.546375901679074618e-15
-1.079080000000000155e+02 7.063911204680202710e-15
-1.075075999999999965e+02 8.988601798925886038e-15
-1.071072000000000060e+02 1.142746842533218043e-14
-1.067068000000000012e+02 1.451506207279604338e-14
-1.063064000000000107e+02 1.842038671946800969e-14
-1.059060000000000059e+02 2.335552147374892996e-14
-1.055056000000000012e+02 2.958634874846151876e-14
-1.051052000000000106e+02 3.744588977729373929e-14
-1.047048000000000059e+02 4.735086486291979545e-14
-1.043044000000000153e+02 5.982223791877796488e-14
-1.039040000000000106e+02 7.551067881042053936e-14
-1.035036000000000058e+02 9.522808959004177816e-14
-1.031032000000000011e+02 1.199866002559901932e-13
-1.027028000000000105e+02 1.510467561868625954e-13
-1.023024000000000058e+02 1.899770049912685513e-13
-1.019020000000000010e+02 2.387270597473514374e-13
-1.015016000000000105e+02 2.997182860072217021e-13
-1.011012000000000057e+02 3.759549525723757084e-13
-1.007008000000000152e+02 4.711610261871190571e-13
-1.003004000000000104e+02 5.899482082558827941e-13
-9.990000000000000568e+01 7.380221437590516755e-13
-9.949960000000000093e+01 9.224352221271233014e-13
-9.909920000000001039e+01 1.151896188788041372e-12
-9.869880000000000564e+01 1.437148956297279545e-12
-9.829840000000000089e+01 1.791435619127536241e-12
-9.789800000000001035e+01 2.231061824098165358e-12
-9.749760000000000559e+01 2.776086433402654238e-12
-9.709720000000001505e+01 3.451161963135584833e-12
-9.669680000000001030e+01 4.286557734060716470e-12
-9.629640000000000555e+01 5.319404207135185782e-12
-9.589600000000000080e+01 6.595204799903096632e-12
-9.549560000000001025e+01 8.169670834574926525e-12
-9.509520000000000550e+01 1.011094644149969959e-11
-9.469480000000000075e+01 1.250230357118945498e-11
-9.429439999999999600e+01 1.544540315236903861e-11
-9.389400000000000546e+01 1.906423734096866279e-11
-9.349360000000001492e+01 2.350989028536003677e-11
-9.309320000000001016e+01 2.896628153120339184e-11
-9.269280000000000541e+01 3.565708786010147820e-11
-9.229240000000000066e+01 4.385407688299913812e-11
-9.189200000000001012e+01 5.388713012357650385e-11
-9.149160000000000537e+01 6.615628583218867595e-11
-9.109120000000000061e+01 8.114619376934171924e-11
-9.069079999999999586e+01 9.944344732055674763e-11
-9.029040000000000532e+01 1.217573444472966429e-10
-8.989000000000001478e+01 1.489447303408775972e-10
-8.948960000000001003e+01 1.820396937768672188e-10
-8.908920000000000528e+01 2.222890290158599384e-10
-8.868880000000000052e+01 2.711945390714361828e-10
-8.828840000000000998e+01 3.305634482013200643e-10
-8.788800000000000523e+01 4.025684161064622313e-10
-8.748760000000001469e+01 4.898189087623337734e-10
-8.708719999999999573e+01 5.954459870521654600e-10
-8.668680000000000518e+01 7.232029313031845581e-10
-8.628640000000001464e+01 8.775845353278141802e-10
-8.588600000000000989e+01 1.063968386662069452e-09
-8.548560000000000514e+01 1.288782010679687929e-09
-8.508520000000000039e+01 1.559700406899483529e-09
-8.468480000000000985e+01 1.885879259488507199e-09
-8.428440000000000509e+01 2.278229975926823919e-09
-8.388400000000001455e+01 2.749743715340511964e-09
-8.348359999999999559e+01 3.315872730742177060e-09
-8.308320000000000505e+01 3.994978689547754249e-09
-8.268280000000000030e+01 4.808859179363757845e-09
-8.228240000000000975e+01 5.783365379481067159e-09
-8.188200000000000500e+01 6.949125914679216123e-09
-8.148160000000000025e+01 8.342394242726678924e-09
-8.108120000000000971e+01 1.000603960065390260e-08
-8.068080000000000496e+01 1.199070459264598363e-08
-8.028040000000001442e+01 1.435615599479689968e-08
-7.987999999999999545e+01 1.717285933543900235e-08
-7.947960000000000491e+01 2.052381234726261906e-08
-7.907920000000000016e+01 2.450667754902686962e-08
-7.867880000000000962e+01 2.923626007815398109e-08
-7.827840000000001908e+01 3.484738354719010051e-08
-7.787800000000000011e+01 4.149822423247957176e-08
-7.747760000000002378e+01 4.937417242788499759e-08
-7.707720000000000482e+01 5.869229942622392155e-08
-7.667680000000000007e+01 6.970651945405762856e-08
-7.627640000000000953e+01 8.271354812190078321e-08
-7.587600000000000477e+01 9.805977271533765367e-08
-7.547559999999998581e+01 1.161491651108035757e-07
-7.507520000000000948e+01 1.374523854358350583e-07
-7.467480000000000473e+01 1.625172440062442842e-07
-7.427440000000001419e+01 1.919807107776696414e-07
-7.387400000000000944e+01 2.265826857797495008e-07
-7.347359999999999047e+01 2.671817710092605116e-07
-7.307320000000001414e+01 3.147733143151611700e-07
-7.267279999999999518e+01 3.705100292037573221e-07
-7.227240000000001885e+01 4.357255315369537063e-07
-7.187199999999999989e+01 5.119611751220858370e-07
-7.147159999999999513e+01 6.009966135491785137e-07
-7.107120000000000459e+01 7.048845656937932907e-07
-7.067079999999999984e+01 8.259903174621827188e-07
-7.027040000000002351e+01 9.670365530227779323e-07
-6.987000000000000455e+01 1.131154175374582710e-06
-6.946959999999999980e+01 1.321939849095345018e-06
-6.906920000000000925e+01 1.543521077955075000e-06
-6.866880000000000450e+01 1.800629717247835782e-06
-6.826840000000001396e+01 2.098684915674082727e-06
-6.786800000000000921e+01 2.443886584890650960e-06
-6.746760000000000446e+01 2.843320606929775308e-06
-6.706720000000001392e+01 3.305077111068884956e-06
-6.666680000000000916e+01 3.838383282892798651e-06
-6.626639999999999020e+01 4.453752309702313278e-06
-6.586600000000001387e+01 5.163150218540122851e-06
-6.546559999999999491e+01 5.980182526343979520e-06
-6.506520000000001858e+01 6.920302796481684793e-06
-6.466479999999999961e+01 8.001045382507446227e-06
-6.426439999999999486e+01 9.242284838667942084e-06
-6.386400000000001143e+01 1.066652468768773288e-05
-6.346359999999999957e+01 1.229921845977789988e-05
-6.306320000000001613e+01 1.416912615265130947e-05
-6.266280000000000427e+01 1.630870951048887799e-05
-6.226239999999999242e+01 1.875456978001970203e-05
-6.186200000000000898e+01 2.154793187378177232e-05
-6.146160000000000423e+01 2.473517915361934458e-05
-6.106120000000002079e+01 2.836844334079491271e-05
-6.066080000000000894e+01 3.250625436177819193e-05
-6.026039999999999708e+01 3.721425524956729122e-05
-5.986000000000001364e+01 4.256598753787123730e-05
-5.945960000000000178e+01 4.864375290783298447e-05
-5.905920000000001835e+01 5.553955717215540281e-05
-5.865880000000000649e+01 6.335614300713272797e-05
-5.825839999999999463e+01 7.220811816638882108e-05
-5.785800000000001120e+01 8.222318622804748419e-05
-5.745760000000000645e+01 9.354348723601833197e-05
-5.705719999999999459e+01 1.063270558922069193e-04
-5.665680000000001115e+01 1.207494052354049979e-04
-5.625639999999999930e+01 1.370052439995539807e-04
-5.585600000000001586e+01 1.553103360737830897e-04
-5.545560000000000400e+01 1.759035106834497784e-04
-5.505519999999999214e+01 1.990488320690302765e-04
-5.465480000000000871e+01 2.250379375517158490e-04
-5.425439999999999685e+01 2.541925529336442192e-04
-5.385400000000001342e+01 2.868671941794436321e-04
-5.345360000000000866e+01 3.234520642562642152e-04
-5.305319999999999681e+01 3.643761538631243584e-04
-5.265280000000001337e+01 4.101105545489165953e-04
-5.225240000000000151e+01 4.611719923922825743e-04
-5.185200000000001808e+01 5.181265899868523882e-04
-5.145160000000000622e+01 5.815938639325090144e-04
-5.105119999999999436e+01 6.522509643674551929e-04
-5.065080000000001093e+01 7.308371622778381087e-04
-5.025039999999999907e+01 8.181585893813665558e-04
-4.984999999999999432e+01 9.150932342895648150e-04
-4.944960000000001088e+01 1.022596197401110614e-03
-4.904919999999999902e+01 1.141705205556822235e-03
-4.864880000000001559e+01 1.273546385887456720e-03
-4.824840000000000373e+01 1.419340296501417223e-03
-4.784799999999999187e+01 1.580408209682887316e-03
-4.744760000000000844e+01 1.758178641098144188e-03
-4.704719999999999658e+01 1.954194116132396478e-03
-4.664680000000001314e+01 2.170118161899974290e-03
-4.624640000000000839e+01 2.407742510685501741e-03
-4.584599999999999653e+01 2.668994497581848174e-03
-4.544560000000001310e+01 2.955944631897128218e-03
-4.504520000000000124e+01 3.270814318509527707e-03
-4.464480000000001780e+01 3.615983701764262283e-03
-4.424440000000000595e+01 3.993999600740893476e-03
-4.384399999999999409e+01 4.407583500781706541e-03
-4.344360000000001065e+01 4.859639562081942421e-03
-4.304319999999999879e+01 5.353262601914419473e-03
-4.264280000000001536e+01 5.891746002718546531e-03
-4.224240000000001061e+01 6.478589493852535998e-03
-4.184199999999999875e+01 7.117506750311402425e-03
-4.144160000000001531e+01 7.812432747190608227e-03
-4.104120000000000346e+01 8.567530804154748283e-03
-4.064079999999999160e+01 9.387199249694430647e-03
-4.024040000000000816e+01 1.027607763056571748e-02
-3.983999999999999631e+01 1.123905238754666774e-02
-3.943960000000001287e+01 1.228126191456597842e-02
-3.903920000000000101e+01 1.340810091441394132e-02
-3.863879999999999626e+01 1.462522396068044982e-02
-3.823840000000001282e+01 1.593854817235096019e-02
-3.783800000000000097e+01 1.735425490467177798e-02
-3.743760000000001753e+01 1.887879035754246385e-02
-3.703720000000000567e+01 2.051886500086755674e-02
-3.663679999999999382e+01 2.228145171505315977e-02
-3.623640000000001038e+01 2.417378254424816519e-02
-3.583599999999999852e+01 2.620334396004849950e-02
-3.543560000000001509e+01 2.837787053427747244e-02
-3.503520000000000323e+01 3.070533692118927044e-02
-3.463479999999999848e+01 3.319394805205335558e-02
-3.423440000000001504e+01 3.585212744864743617e-02
-3.383400000000000318e+01 3.868850356673433216e-02
-3.343359999999999133e+01 4.171189408618749400e-02
-3.303320000000000789e+01 4.493128807109535161e-02
-3.263279999999999603e+01 4.835582593093609022e-02
-3.223240000000001260e+01 5.199477712280495961e-02
-3.183200000000000429e+01 5.585751554471597713e-02
-3.143159999999999243e+01 5.995349258116494662e-02
-3.103120000000000900e+01 6.429220777447065827e-02
-3.063079999999999714e+01 6.888317710884171718e-02
-3.023040000000001370e+01 7.373589890865148155e-02
-2.983000000000000540e+01 7.885981736800153075e-02
-2.942959999999999354e+01 8.426428374522715314e-02
-2.902920000000001011e+01 8.995851527353988797e-02
-2.862879999999999825e+01 9.595155185736878312e-02
-2.822840000000001481e+01 1.022522106431020539e-01
-2.782800000000000651e+01 1.088690385727377336e-01
-2.742759999999999465e+01 1.158102630492611057e-01
-2.702720000000001122e+01 1.230837408633155688e-01
-2.662679999999999936e+01 1.306969055517085976e-01
-2.622640000000001592e+01 1.386567133793717432e-01
-2.582600000000000762e+01 1.469695881574267782e-01
-2.542559999999999576e+01 1.556413651307389234e-01
-2.502520000000001232e+01 1.646772341886930391e-01
-2.462480000000000047e+01 1.740816826725977151e-01
-2.422439999999999216e+01 1.838584380719757438e-01
-2.382400000000000873e+01 1.940104109198302340e-01
-2.342359999999999687e+01 2.045396382135207525e-01
-2.302320000000001343e+01 2.154472277029905458e-01
-2.262280000000000157e+01 2.267333034015455717e-01
-2.222239999999999327e+01 2.383969526859183730e-01
-2.182200000000000983e+01 2.504361753618914999e-01
-2.142159999999999798e+01 2.628478350789694162e-01
-2.102120000000001454e+01 2.756276134823991142e-01
-2.062080000000000268e+01 2.887699674930664373e-01
-2.022039999999999438e+01 3.022680901052051117e-01
-1.982000000000001094e+01 3.161138750884604498e-01
-1.941959999999999908e+01 3.302978859743905260e-01
-1.901920000000001565e+01 3.448093296979510836e-01
-1.861880000000000379e+01 3.596360352518629955e-01
-1.821839999999999549e+01 3.747644376958195189e-01
-1.781800000000001205e+01 3.901795678434465398e-01
-1.741760000000000019e+01 4.058650479275859313e-01
-1.701720000000001676e+01 4.218030935190268393e-01
-1.661680000000000490e+01 4.379745219452987337e-01
-1.621639999999999660e+01 4.543587674245777586e-01
-1.581600000000001316e+01 4.709339030954683425e-01
-1.541560000000000130e+01 4.876766700863698345e-01
-1.501519999999999122e+01 5.045625137286615658e-01
-1.461480000000000778e+01 5.215656269762499742e-01
-1.421439999999999770e+01 5.386590010503059522e-01
-1.381400000000001427e+01 5.558144832826268367e-01
-1.341360000000000241e+01 5.730028420843529258e-01
-1.301319999999999233e+01 5.901938389188897682e-01
-1.261280000000000889e+01 6.073563071094800758e-01
-1.221239999999999881e+01 6.244582372630206324e-01
-1.181200000000001538e+01 6.414668690430144204e-01
-1.141160000000000352e+01 6.583487889763449674e-01
-1.101119999999999344e+01 6.750700339311493936e-01
-1.061080000000001000e+01 6.915961998570816505e-01
-1.021039999999999992e+01 7.078925553348777155e-01
-9.810000000000016485e+00 7.239241594399143942e-01
-9.409600000000006403e+00 7.396559833847977661e-01
-9.009199999999994546e+00 7.550530353691498053e-01
-8.608800000000011110e+00 7.700804880313087963e-01
-8.208400000000001029e+00 7.847038078667120109e-01
-7.808000000000017593e+00 7.988888859517818686e-01
-7.407600000000006624e+00 8.126021692904530358e-01
-7.007199999999996542e+00 8.258107920832165050e-01
-6.606800000000013107e+00 8.384827062061345204e-01
-6.206400000000002137e+00 8.505868101796789649e-01
-5.805999999999991168e+00 8.620930759047704672e-01
-5.405600000000007732e+00 8.729726724460931120e-01
-5.005199999999997651e+00 8.831980861506559810e-01
-4.604800000000014215e+00 8.927432364027378942e-01
-4.204400000000003246e+00 9.015835863347546608e-01
-3.803999999999992720e+00 9.096962478370504979e-01
-3.403600000000009285e+00 9.170600802381819738e-01
-3.003199999999998759e+00 9.236557820605653113e-01
-2.602800000000015324e+00 9.294659752943348341e-01
-2.202400000000004354e+00 9.344752816745532931e-01
-1.801999999999993829e+00 9.386703904932587328e-01
-1.401600000000010393e+00 9.420401175278760864e-01
-1.001199999999999868e+00 9.445754547208821128e-01
-6.008000000000163210e-01 9.462696103018705118e-01
-2.004000000000057402e-01 9.471180391019197176e-01
2.000000000000048683e-01 9.471184628708800846e-01
6.003999999999883874e-01 9.462708804704840215e-01
1.000799999999999024e+00 9.445775678794351427e-01
1.401200000000009549e+00 9.420430680104635579e-01
1.801599999999992985e+00 9.386741704030933109e-01
2.202000000000003510e+00 9.344798809191822153e-01
2.602399999999986946e+00 9.294713816305369969e-01
3.002799999999997915e+00 9.236619811486518339e-01
3.403200000000008441e+00 9.170670557053647309e-01
3.803599999999991876e+00 9.097039813494862681e-01
4.204000000000002402e+00 9.015920576778146955e-01
4.604399999999985837e+00 8.927524235690240673e-01
5.004799999999996807e+00 8.832079654352126274e-01
5.405200000000006888e+00 8.729832185482533369e-01
5.805599999999990324e+00 8.621042620360099829e-01
6.206000000000001293e+00 8.505986081768455165e-01
6.606399999999984729e+00 8.384950866493811050e-01
7.006799999999995698e+00 8.258237244179426062e-01
7.407200000000005780e+00 8.126156219525619839e-01
7.807599999999989215e+00 7.989028264955223557e-01
8.208000000000000185e+00 7.847182030943892217e-01
8.608399999999983621e+00 7.700953041241526131e-01
9.008799999999993702e+00 7.550682380186030107e-01
9.409200000000005559e+00 7.396715379235414556e-01
9.809599999999988995e+00 7.239400309719193904e-01
1.020999999999999908e+01 7.079087088638164049e-01
1.061040000000000916e+01 6.916126004124648619e-01
1.101079999999999259e+01 6.750866466915445008e-01
1.141120000000000267e+01 6.583655793891051156e-01
1.181159999999998611e+01 6.414838029399571040e-01
1.221199999999999797e+01 6.244752809715399255e-01
1.261240000000000805e+01 6.073734275586299969e-01
1.301279999999999148e+01 5.902110037399892484e-01
1.341320000000000157e+01 5.730200197057409017e-01
1.381359999999998500e+01 5.558316430182267398e-01
1.421399999999999686e+01 5.386761131816957260e-01
1.461440000000000694e+01 5.215826628280224586e-01
1.501479999999999038e+01 5.045794457368473207e-01
1.541520000000000046e+01 4.876934718598052165e-01
1.581559999999998389e+01 4.709505494699965378e-01
1.621599999999999397e+01 4.543752345100341428e-01
1.661640000000000583e+01 4.379907871652913287e-01
1.701679999999998927e+01 4.218191356435307404e-01
1.741720000000000113e+01 4.058808470984474615e-01
1.781760000000000943e+01 3.901951055929289702e-01
1.821799999999999287e+01 3.747796969583336857e-01
1.861840000000000472e+01 3.596510003690963075e-01
1.901879999999998816e+01 3.448239864176222969e-01
1.941920000000000002e+01 3.303122214428831360e-01
1.981960000000000832e+01 3.161278778376416243e-01
2.021999999999999176e+01 3.022817500337184327e-01
2.062040000000000362e+01 2.887832758424498381e-01
2.102079999999998705e+01 2.756405628083685722e-01
2.142119999999999891e+01 2.628604192182339427e-01
2.182160000000000721e+01 2.504483893948826201e-01
2.222199999999999065e+01 2.384087928958034397e-01
2.262240000000000251e+01 2.267447672299252592e-01
2.302279999999998594e+01 2.154583137026670481e-01
2.342319999999999780e+01 2.045503459987208228e-01
2.382360000000000610e+01 1.940207411142827465e-01
2.422399999999998954e+01 1.838683922552060701e-01
2.462440000000000140e+01 1.740912633248234698e-01
2.502479999999998483e+01 1.646864446346782695e-01
2.542519999999999669e+01 1.556502094829501914e-01
2.582560000000000500e+01 1.469780712588377447e-01
2.622599999999998843e+01 1.386648407462193477e-01
2.662640000000000029e+01 1.307046833165105837e-01
2.702680000000000859e+01 1.230911757184347949e-01
2.742719999999999558e+01 1.158173621912709644e-01
2.782760000000000389e+01 1.088758096478393417e-01
2.822799999999998732e+01 1.022586616938140625e-01
2.862839999999999918e+01 9.595769127068902449e-02
2.902880000000000749e+01 8.996435173076640368e-02
2.942919999999999092e+01 8.426982617359053684e-02
2.982960000000000278e+01 7.886507489425309547e-02
3.022999999999998622e+01 7.374088081472390810e-02
3.063039999999999807e+01 6.888789278967918928e-02
3.103080000000000638e+01 6.429666669811216761e-02
3.143119999999998981e+01 5.995770425113437080e-02
3.183160000000000167e+01 5.586148946476619109e-02
3.223199999999998511e+01 5.199852276403962859e-02
3.263239999999999696e+01 4.835935270131629798e-02
3.303280000000000882e+01 4.493460528733016213e-02
3.343319999999999226e+01 4.171501094798222425e-02
3.383360000000000412e+01 3.869142913336841294e-02
3.423399999999998755e+01 3.585487061783541873e-02
3.463439999999999230e+01 3.319651754103342123e-02
3.503480000000000416e+01 3.070774124997734805e-02
3.543519999999998760e+01 2.838011801101040371e-02
3.583559999999999945e+01 2.620544266833814764e-02
3.623600000000001131e+01 2.417574033246147960e-02
3.663639999999999475e+01 2.228327618742372354e-02
3.703680000000000661e+01 2.052056351034603141e-02
3.743719999999999004e+01 1.888037000028644843e-02
3.783760000000000190e+01 1.735572251607407288e-02
3.823800000000000665e+01 1.593991032450597228e-02
3.863839999999999009e+01 1.462648696118429292e-02
3.903880000000000194e+01 1.340927080639771514e-02
3.943919999999998538e+01 1.228234447786034564e-02
3.983959999999999724e+01 1.124005314087789253e-02
4.024000000000000909e+01 1.027700183468670259e-02
4.064039999999999253e+01 9.388051911354116860e-03
4.104080000000000439e+01 8.568316680815393077e-03
4.144119999999998782e+01 7.813156352403698157e-03
4.184159999999999258e+01 7.118172359667374743e-03
4.224200000000000443e+01 6.479201151424016959e-03
4.264239999999998787e+01 5.892307527919574649e-03
4.304279999999999973e+01 5.353777596703809295e-03
4.344319999999998316e+01 4.860111418443085161e-03
4.384359999999999502e+01 4.408015408414575967e-03
4.424400000000000688e+01 3.994394554908377998e-03
4.464439999999999031e+01 3.616344511237546289e-03
4.504479999999997375e+01 3.271143613563043482e-03
4.544520000000000692e+01 2.956244872307574063e-03
4.584559999999999036e+01 2.669267980589873530e-03
4.624599999999997380e+01 2.407991378882912408e-03
4.664640000000001407e+01 2.170344411009480622e-03
4.704679999999999751e+01 1.954399602650773796e-03
4.744719999999998095e+01 1.758365089777003771e-03
4.784760000000002123e+01 1.580577220825094649e-03
4.824800000000000466e+01 1.419493353054567105e-03
4.864839999999998810e+01 1.273684860318319810e-03
4.904880000000002127e+01 1.141830366494277780e-03
4.944920000000000471e+01 1.022709216037436105e-03
4.984959999999998814e+01 9.151951905321556403e-04
5.024999999999997158e+01 8.182504777498348855e-04
5.065040000000001186e+01 7.309198975429590222e-04
5.105079999999999529e+01 6.523253869306854490e-04
5.145119999999997873e+01 5.816607449462081383e-04
5.185160000000001901e+01 5.181866362170358840e-04
5.225200000000000244e+01 4.612258508270539420e-04
5.265239999999998588e+01 4.101588167567556380e-04
5.305280000000001905e+01 3.644193601063667586e-04
5.345320000000000249e+01 3.234907073659644221e-04
5.385359999999998593e+01 2.869017231984037197e-04
5.425399999999996936e+01 2.542233765351775308e-04
5.465440000000000964e+01 2.250654272420888355e-04
5.505479999999999308e+01 1.990733251819168988e-04
5.545519999999997651e+01 1.759253131750188840e-04
5.585560000000001679e+01 1.553297251272385310e-04
5.625600000000000023e+01 1.370224704480479396e-04
5.665639999999998366e+01 1.207646958122499922e-04
5.705680000000001684e+01 1.063406153173231101e-04
5.745720000000000027e+01 9.355550014745571267e-05
5.785759999999998371e+01 8.223381896725032213e-05
5.825800000000002399e+01 7.221752042574995623e-05
5.865840000000000742e+01 6.336444934813377364e-05
5.905879999999999086e+01 5.554688842213978986e-05
5.945919999999997430e+01 4.865021744322158757e-05
5.985960000000001457e+01 4.257168246131561208e-05
6.025999999999999801e+01 3.721926746824421201e-05
6.066039999999998145e+01 3.251066157370879179e-05
6.106080000000001462e+01 2.837231493575833832e-05
6.146119999999999806e+01 2.473857703490456523e-05
6.186159999999998149e+01 2.155091120668786782e-05
6.226200000000002177e+01 1.875717967270079325e-05
6.266240000000000521e+01 1.631099363241844525e-05
6.306279999999998864e+01 1.417112329565761950e-05
6.346319999999997208e+01 1.230096304630867367e-05
6.386360000000001236e+01 1.066804723065504762e-05
6.426399999999999579e+01 9.243612356939646929e-06
6.466439999999997212e+01 8.002201775833203012e-06
6.506480000000001951e+01 6.921309183376957696e-06
6.546519999999999584e+01 5.981057548200913630e-06
6.586559999999998638e+01 5.163910312991097948e-06
6.626600000000001955e+01 4.454411956034404609e-06
6.666639999999999588e+01 3.838955222094137116e-06
6.706679999999998643e+01 3.305572542881266084e-06
6.746720000000001960e+01 2.843749366092333063e-06
6.786760000000001014e+01 2.444257298577439662e-06
6.826799999999998647e+01 2.099005143958921616e-06
6.866839999999997701e+01 1.800906078274232222e-06
6.906880000000001019e+01 1.543759359340976718e-06
6.946920000000000073e+01 1.322145106966976147e-06
6.986959999999997706e+01 1.131330822297384027e-06
7.027000000000001023e+01 9.671884359810919067e-07
7.067040000000000077e+01 8.261207869318041445e-07
7.107079999999997710e+01 7.049965367523019015e-07
7.147120000000002449e+01 6.010926198783692113e-07
7.187160000000000082e+01 5.120434166734248377e-07
7.227199999999999136e+01 4.357959165544193076e-07
7.267239999999996769e+01 3.705702112292112316e-07
7.307280000000001507e+01 3.148247247375884486e-07
7.347319999999999141e+01 2.672256476615090448e-07
7.387359999999998195e+01 2.266200980339260900e-07
7.427400000000001512e+01 1.920125815427304340e-07
7.467439999999999145e+01 1.625443689882674204e-07
7.507479999999998199e+01 1.374754499824334066e-07
7.547520000000001517e+01 1.161687589260893067e-07
7.587560000000000571e+01 9.807640270018743768e-08
7.627599999999998204e+01 8.272764956574551662e-08
7.667640000000002942e+01 6.971846577896582496e-08
7.707680000000000575e+01 5.870241066108688492e-08
7.747719999999999629e+01 4.938272256999356052e-08
7.787759999999997262e+01 4.150544763551443430e-08
7.827800000000000580e+01 3.485348045825544741e-08
7.867839999999999634e+01 2.924140143192886641e-08
7.907879999999997267e+01 2.451100911414847589e-08
7.947920000000002005e+01 2.052745830854248737e-08
7.987959999999999638e+01 1.717592538529716947e-08
8.027999999999998693e+01 1.435873199824642045e-08
8.068040000000002010e+01 1.199286688216376172e-08
8.108080000000001064e+01 1.000785295020051648e-08
8.148119999999998697e+01 8.343913563937098189e-09
8.188159999999997751e+01 6.950397712759564936e-09
8.228200000000001069e+01 5.784429001509222607e-09
8.268239999999998702e+01 4.809747883447891378e-09
8.308279999999997756e+01 3.995720559570901654e-09
8.348320000000001073e+01 3.316491458160171937e-09
8.388360000000000127e+01 2.750259266643547810e-09
8.428399999999997760e+01 2.278659161880243208e-09
8.468440000000002499e+01 1.886236220092686009e-09
8.508480000000000132e+01 1.559997024109916720e-09
8.548519999999999186e+01 1.289028259277082761e-09
8.588560000000002503e+01 1.064172632227364112e-09
8.628600000000000136e+01 8.777537870301038829e-10
8.668639999999999191e+01 7.233430561278341590e-10
8.708679999999996824e+01 5.955618911609819058e-10
8.748720000000001562e+01 4.899146908679464748e-10
8.788759999999999195e+01 4.026474970441288931e-10
8.828799999999998249e+01 3.306286802780431535e-10
8.868840000000001567e+01 2.712482982526985138e-10
8.908880000000000621e+01 2.223332925629751021e-10
8.948919999999998254e+01 1.820761055633768696e-10
8.988960000000001571e+01 1.489746557465237909e-10
9.029000000000000625e+01 1.217819164450122218e-10
9.069039999999998258e+01 9.946360512949310062e-11
9.109080000000002997e+01 8.116271523971292604e-11
9.149120000000000630e+01 6.616981455052113726e-11
9.189159999999999684e+01 5.389819807577186008e-11
9.229199999999997317e+01 4.386312338383379956e-11
9.269240000000002055e+01 3.566447534804288709e-11
9.309279999999999688e+01 2.897230873418180359e-11
9.349319999999998743e+01 2.351480318389085322e-11
9.389360000000002060e+01 1.906823828784226997e-11
9.429399999999999693e+01 1.544865845115254213e-11
9.469439999999998747e+01 1.250494976759458056e-11
9.509480000000002065e+01 1.011309554092636309e-11
9.549520000000001119e+01 8.171414624727490091e-12
9.589559999999998752e+01 6.596618428353282480e-12
9.629599999999997806e+01 5.320549139258700578e-12
9.669640000000001123e+01 4.287484196195957744e-12
9.709680000000000177e+01 3.451910958517953471e-12
9.749719999999997810e+01 2.776691403905345810e-12
9.789760000000001128e+01 2.231550018632824624e-12
9.829800000000000182e+01 1.791829219354823117e-12
9.869839999999997815e+01 1.437466001758907127e-12
9.909880000000002553e+01 1.152151336437811698e-12
9.949920000000000186e+01 9.226403692793850961e-13
9.989959999999999241e+01 7.381869385041478439e-13
1.003000000000000256e+02 5.900804672536261460e-13
1.007004000000000161e+02 4.712670763044570588e-13
1.011007999999999925e+02 3.760399099682839139e-13
1.015011999999999830e+02 2.997862838911270123e-13
1.019016000000000162e+02 2.387814340654721232e-13
1.023019999999999925e+02 1.900204456621230388e-13
1.027023999999999830e+02 1.510814301552631045e-13
1.031028000000000162e+02 1.200142515176776465e-13
1.035032000000000068e+02 9.525012041624999351e-14
1.039035999999999831e+02 7.552821564059004946e-14
1.043040000000000163e+02 5.983618476258641566e-14
1.047044000000000068e+02 4.736194653659443011e-14
1.051047999999999831e+02 3.745468687478438241e-14
1.055051999999999737e+02 2.959332589956623453e-14
1.059056000000000068e+02 2.336105015530661643e-14
1.063059999999999974e+02 1.842476365141817092e-14
1.067063999999999737e+02 1.451852403905340632e-14
1.071068000000000211e+02 1.143020420256155548e-14
1.075071999999999974e+02 8.990761748139671789e-15
1.079075999999999880e+02 7.065614976001643452e-15
1.083080000000000211e+02 5.547718617378347393e-15
1.087083999999999975e+02 4.352009769265489572e-15
1.091087999999999880e+02 3.410957251481043568e-15
1.095092000000000212e+02 2.670998660869612316e-15
1.099096000000000117e+02 2.089690857994092068e-15
1.103099999999999881e+02 1.633433258266583872e-15
1.107103999999999786e+02 1.275650559835582680e-15
1.111108000000000118e+02 9.953436100993608362e-16
1.115112000000000023e+02 7.759349611014064745e-16
1.119115999999999786e+02 6.043500834947433797e-16
1.123120000000000118e+02 4.702868457941206076e-16
1.127124000000000024e+02 3.656352473356996785e-16
1.131127999999999787e+02 2.840169489331374467e-16
1.135132000000000261e+02 2.204202237620290435e-16
1.139136000000000024e+02 1.709108361692312167e-16
1.143139999999999930e+02 1.324032780991465810e-16
1.147143999999999693e+02 1.024799382856234468e-16
1.151148000000000167e+02 7.924829941011061274e-17
1.155151999999999930e+02 6.122827533222135095e-17
1.159155999999999835e+02 4.726341304407159012e-17
1.163160000000000167e+02 3.645097192205708457e-17
1.167163999999999930e+02 2.808692043766998095e-17
1.171167999999999836e+02 2.162270952087477151e-17
1.175172000000000168e+02 1.663133390156865163e-17
1.179176000000000073e+02 1.278071146345913999e-17
1.183179999999999836e+02 9.812822804714376993e-18
1.187184000000000310e+02 7.527380361574785178e-18
1.191188000000000073e+02 5.769055877673150853e-18
1.195191999999999979e+02 4.417500506627029737e-18
1.199195999999999742e+02 3.379554459843425020e-18
1.203200000000000074e+02 2.583171671488386310e-18
1.207203999999999979e+02 1.972686480019582264e-18
1.211207999999999743e+02 1.505129423102595110e-18
1.215212000000000216e+02 1.147362369255005894e-18
1.219215999999999980e+02 8.738529104043589182e-19
1.223219999999999885e+02 6.649470303678845353e-19
1.227224000000000217e+02 5.055297788993012747e-19
1.231228000000000122e+02 3.839877897691169473e-19
1.235231999999999886e+02 2.914063859287215014e-19
1.239235999999999791e+02 2.209488235839704303e-19
1.243240000000000123e+02 1.673768156453303232e-19
1.247243999999999886e+02 1.266805345956026615e-19
1.251247999999999791e+02 9.579337012160897745e-20
1.255252000000000123e+02 7.237223693548310083e-20
1.259256000000000029e+02 5.462853058805217778e-20
1.263259999999999792e+02 4.119817900221496867e-20
1.267264000000000266e+02 3.104184316174765833e-20
1.271268000000000029e+02 2.336834518323745577e-20
1.275271999999999935e+02 1.757597380867953445e-20
1.279276000000000266e+02 1.320753630261639284e-20
1.283280000000000030e+02 9.915970091145179108e-21
1.287283999999999935e+02 7.438058367522928919e-21
1.291287999999999840e+02 5.574358998483602612e-21
1.295292000000000030e+02 4.173892562252052535e-21
1.299295999999999935e+02 3.122472168357480714e-21
1.303299999999999841e+02 2.333817354111937143e-21
1.307304000000000315e+02 1.742794306621131678e-21
1.311307999999999936e+02 1.300278491863073327e-21
1.315311999999999841e+02 9.692540044832148205e-22
1.319316000000000315e+02 7.218547321191360124e-22
1.323319999999999936e+02 5.371220611312832894e-22
1.327323999999999842e+02 3.993072098289491490e-22
1.331328000000000316e+02 2.965871234866503256e-22
1.335332000000000221e+02 2.200941051232845637e-22
1.339335999999999842e+02 1.631832237103401729e-22
1.343339999999999748e+02 1.208797588160738622e-22
1.347344000000000221e+02 8.946283159448044197e-23
1.351348000000000127e+02 6.615195352696029380e-23
1.355351999999999748e+02 4.887127691239283711e-23
1.359356000000000222e+02 3.607245313397362012e-23
1.363360000000000127e+02 2.660165446318867200e-23
1.367363999999999749e+02 1.959984319479648712e-23
1.371368000000000222e+02 1.442804620709186351e-23
1.375372000000000128e+02 1.061141820805522676e-23
1.379376000000000033e+02 7.797409018909431584e-24
1.383379999999999654e+02 5.724508175662634063e-24
1.387384000000000128e+02 4.198914414588037191e-24
1.391388000000000034e+02 3.077137083066666252e-24
1.395391999999999939e+02 2.253033473797082728e-24
1.399396000000000129e+02 1.648160202124899600e-24
1.403400000000000034e+02 1.204598119203964485e-24
1.407403999999999940e+02 8.796216644179624149e-25
1.411408000000000129e+02 6.417422495797788710e-25
1.415412000000000035e+02 4.677742662975230906e-25
1.419415999999999940e+02 3.406614565090860062e-25
1.423420000000000414e+02 2.478681071872726483e-25
1.427424000000000035e+02 1.801894171650696135e-25
1.431427999999999940e+02 1.308726479091870372e-25
1.435431999999999846e+02 9.496847783502381632e-26
1.439436000000000035e+02 6.885271080610932427e-26
1.443439999999999941e+02 4.987392969714602784e-26
1.447443999999999846e+02 3.609417442268596946e-26
1.451448000000000320e+02 2.609826372498557872e-26
1.455451999999999941e+02 1.885372190280621648e-26
1.459455999999999847e+02 1.360797670133783969e-26
1.463460000000000321e+02 9.812981859177930272e-27
1.467463999999999942e+02 7.069999998197353082e-27
1.471467999999999847e+02 5.089191699136888955e-27
1.475471999999999753e+02 3.660068262671858141e-27
1.479476000000000226e+02 2.629907897853210296e-27
1.483479999999999848e+02 1.888003834543545439e-27
1.487483999999999753e+02 1.354179339284259962e-27
1.491488000000000227e+02 9.704216425548464230e-28
1.495492000000000132e+02 6.947934933212135656e-28
1.499495999999999754e+02 4.970064104876709554e-28
1.503500000000000227e+02 3.552051197525649135e-28
1.507504000000000133e+02 2.536339714870284643e-28
1.511507999999999754e+02 1.809450079934055929e-28
1.515512000000000228e+02 1.289723962153953068e-28
1.519516000000000133e+02 9.184550581848927007e-29
1.523520000000000039e+02 6.534765845627604126e-29
1.527523999999999660e+02 4.645293185644665646e-29
1.531528000000000134e+02 3.299189088419748843e-29
1.535532000000000039e+02 2.341058486246591197e-29
1.539535999999999945e+02 1.659695050982989068e-29
1.543540000000000134e+02 1.175588456605845899e-29
1.547544000000000040e+02 8.319424900677748503e-30
1.551547999999999945e+02 5.882233730878698786e-30
1.555552000000000135e+02 4.155298502554133374e-30
1.559556000000000040e+02 2.932737257488905545e-30
1.563559999999999945e+02 2.068021570006155062e-30
1.567563999999999851e+02 1.456961080689391074e-30
1.571568000000000040e+02 1.025538138844144628e-30
1.575571999999999946e+02 7.212181707704240106e-31
1.579575999999999851e+02 5.067485128108312822e-31
1.583580000000000041e+02 3.557372015693400978e-31
1.587583999999999946e+02 2.495037426618138420e-31
1.591587999999999852e+02 1.748379974856659380e-31
1.595592000000000326e+02 1.224068047363757712e-31
1.599595999999999947e+02 8.562217938274757265e-32
1.603599999999999852e+02 5.983812452846530884e-32
1.607604000000000326e+02 4.178117479907172990e-32
1.611608000000000231e+02 2.914702946888874329e-32
1.615611999999999853e+02 2.031509846277120703e-32
1.619615999999999758e+02 1.414668039267622262e-32
1.623620000000000232e+02 9.842402718124491720e-33
1.627623999999999853e+02 6.841616061231618915e-33
1.631627999999999759e+02 4.751461835423247229e-33
1.635632000000000232e+02 3.296907561481307234e-33
1.639636000000000138e+02 2.285584460455366519e-33
1.643639999999999759e+02 1.583065037436045417e-33
1.647644000000000233e+02 1.095497066649277262e-33
1.651648000000000138e+02 7.574163212641519463e-34
1.655652000000000044e+02 5.232016180210777333e-34
1.659655999999999665e+02 3.610891809776710748e-34
1.663660000000000139e+02 2.489836634989873803e-34
1.667664000000000044e+02 1.715292576641555444e-34
1.671667999999999665e+02 1.180637415162643269e-34
1.675672000000000139e+02 8.119061946918486814e-35
1.679676000000000045e+02 5.578354971483985155e-35
1.683679999999999950e+02 3.829282587409506523e-35
1.687684000000000140e+02 2.626271773425401109e-35
1.691688000000000045e+02 1.799587193193685796e-35
1.695691999999999950e+02 1.232018134559379663e-35
1.699696000000000140e+02 8.426986259099193772e-36
1.703700000000000045e+02 5.758885579942949610e-36
1.707703999999999951e+02 3.932018864012821379e-36
1.711707999999999856e+02 2.682277547721962234e-36
1.715712000000000046e+02 1.828112064089817311e-36
1.719715999999999951e+02 1.244838162283599662e-36
1.723719999999999857e+02 8.469035466862066136e-37
1.727724000000000331e+02 5.756599136805472925e-37
1.731727999999999952e+02 3.909390052776465444e-37
1.735731999999999857e+02 2.652546449559542015e-37
1.739736000000000331e+02 1.798158501161846193e-37
1.743739999999999952e+02 1.217878383713882545e-37
1.747743999999999858e+02 8.241207565737616039e-38
1.751747999999999763e+02 5.571713307226521994e-38
1.755752000000000237e+02 3.763549648213693785e-38
1.759755999999999858e+02 2.539905252466954612e-38
1.763759999999999764e+02 1.712570116657026367e-38
1.767764000000000237e+02 1.153692809086094078e-38
1.771768000000000143e+02 7.765027329370447206e-39
1.775771999999999764e+02 5.221638120066186770e-39
1.779776000000000238e+02 3.508177271962952915e-39
1.783780000000000143e+02 2.354871804252967184e-39
1.787783999999999764e+02 1.579297644588336463e-39
1.791788000000000238e+02 1.058209568807723496e-39
1.795792000000000144e+02 7.084192595620084357e-40
1.799796000000000049e+02 4.738272284994564533e-40
1.803799999999999670e+02 3.166362597110667631e-40
1.807804000000000144e+02 2.114035414715747093e-40
1.811808000000000050e+02 1.410180967164935852e-40
1.815811999999999955e+02 9.398280828991465755e-41
1.819816000000000145e+02 6.257962637381906672e-41
1.823820000000000050e+02 4.163211672904506355e-41
1.827823999999999955e+02 2.767164630721280522e-41
1.831828000000000145e+02 1.837606346736771660e-41
1.835832000000000050e+02 1.219216818965759380e-41
1.839835999999999956e+02 8.082028670817500297e-42
1.843839999999999861e+02 5.352674164303519268e-42
1.847844000000000051e+02 3.541866651943541950e-42
1.851847999999999956e+02 2.341556191918781967e-42
1.855851999999999862e+02 1.546635381235732967e-42
1.859856000000000051e+02 1.020662776636636803e-42
1.863859999999999957e+02 6.729574271567549810e-43
1.867863999999999862e+02 4.433062798814565476e-43
1.871868000000000336e+02 2.917636310822753244e-43
1.875871999999999957e+02 1.918533582965652694e-43
1.879875999999999863e+02 1.260429719834547149e-43
1.883880000000000337e+02 8.273301337272723009e-44
1.887884000000000242e+02 5.425628198222065528e-44
1.891887999999999863e+02 3.554939344220357309e-44
1.895891999999999769e+02 2.327155154490009850e-44
1.899896000000000242e+02 1.522051902212901594e-44
1.903899999999999864e+02 9.945910891015231822e-45
1.907903999999999769e+02 6.493377388809140921e-45
1.911908000000000243e+02 4.235529428805430078e-45
1.915912000000000148e+02 2.760296543399394767e-45
1.919915999999999769e+02 1.797275930969877213e-45
1.923920000000000243e+02 1.169189088879631625e-45
1.927924000000000149e+02 7.599162438255865219e-46
1.931927999999999770e+02 4.934665067791446684e-46
1.935932000000000244e+02 3.201552388062116967e-46
1.939936000000000149e+02 2.075269594931218988e-46
1.943940000000000055e+02 1.344000444802264000e-46
1.947943999999999676e+02 8.696315359621912103e-47
1.951948000000000150e+02 5.621887196126711100e-47
1.955952000000000055e+02 3.631114574726368782e-47
1.959955999999999960e+02 2.343196753351955527e-47
1.963960000000000150e+02 1.510735866433797856e-47
1.967964000000000055e+02 9.731489125725930696e-48
1.971967999999999961e+02 6.262980250231944451e-48
1.975972000000000151e+02 4.027112494223965941e-48
1.979976000000000056e+02 2.587125278725618703e-48
1.983979999999999961e+02 1.660550685446547558e-48
1.987983999999999867e+02 1.064872941554242306e-48
1.991988000000000056e+02 6.822670946498147175e-49
1.995991999999999962e+02 4.367390640288341655e-49
1.999995999999999867e+02 2.793190979316139813e-49
