-3.000000000000000000e+01 7.616032997733652940e-08
-2.993994000000000000e+01 8.980787525404868845e-08
-2.987988000000000000e+01 1.061723000837932462e-07
-2.981981999999999999e+01 1.262476155239574946e-07
-2.975975999999999999e+01 1.498642441913755630e-07
-2.969969999999999999e+01 1.785064685327217588e-07
-2.963963999999999999e+01 2.121737239363335718e-07
-2.957958000000000354e+01 2.519624896442743994e-07
-2.951952000000000353e+01 2.977440280915365922e-07
-2.945946000000000353e+01 3.508057767210798159e-07
-2.939940000000000353e+01 4.112878196712808123e-07
-2.933933999999999997e+01 4.796523170246954286e-07
-2.927927999999999997e+01 5.556591349180839991e-07
-2.921921999999999997e+01 6.395653421858787794e-07
-2.915915999999999997e+01 7.312380545836687619e-07
-2.909909999999999997e+01 8.282042641450973533e-07
-2.903903999999999996e+01 9.330997792287128221e-07
-2.897897999999999996e+01 1.039954836630762418e-06
-2.891891999999999996e+01 1.150320946198308608e-06
-2.885885999999999996e+01 1.262403723479593053e-06
-2.879879999999999995e+01 1.372621831289074865e-06
-2.873873999999999995e+01 1.479871513464733003e-06
-2.867868000000000350e+01 1.582219639395296145e-06
-2.861862000000000350e+01 1.676191007627958069e-06
-2.855856000000000350e+01 1.760728669306364889e-06
-2.849849999999999994e+01 1.833842173423355441e-06
-2.843843999999999994e+01 1.893644208603480508e-06
-2.837837999999999994e+01 1.939210629472675212e-06
-2.831831999999999994e+01 1.965984768162679153e-06
-2.825825999999999993e+01 1.978702571010775436e-06
-2.819819999999999993e+01 1.972734679067469870e-06
-2.813813999999999993e+01 1.950074054926957580e-06
-2.807807999999999993e+01 1.910889790366912451e-06
-2.801801999999999992e+01 1.856242534578751816e-06
-2.795795999999999992e+01 1.787542477509179738e-06
-2.789790000000000347e+01 1.706206841772759175e-06
-2.783784000000000347e+01 1.614773774042185131e-06
-2.777778000000000347e+01 1.515297550827535019e-06
-2.771772000000000347e+01 1.410421147833915826e-06
-2.765766000000000346e+01 1.302637111068922302e-06
-2.759759999999999991e+01 1.194678936303712987e-06
-2.753753999999999991e+01 1.088513275545249527e-06
-2.747747999999999990e+01 9.858213660341116591e-07
-2.741741999999999990e+01 8.881519855349610447e-07
-2.735735999999999990e+01 7.978079193590680033e-07
-2.729729999999999990e+01 7.138359348005244452e-07
-2.723723999999999990e+01 6.388834618974757401e-07
-2.717717999999999989e+01 5.710278399487497404e-07
-2.711711999999999989e+01 5.114357692966378570e-07
-2.705705999999999989e+01 4.593873463789154183e-07
-2.699699999999999989e+01 4.149797299477700435e-07
-2.693694000000000344e+01 3.768172983117452891e-07
-2.687688000000000343e+01 3.451464799597838086e-07
-2.681682000000000343e+01 3.182949068179484651e-07
-2.675675999999999988e+01 2.966222490047413438e-07
-2.669669999999999987e+01 2.797023517258070757e-07
-2.663663999999999987e+01 2.669867845982274657e-07
-2.657657999999999987e+01 2.576829747454162611e-07
-2.651651999999999987e+01 2.520119393775167984e-07
-2.645645999999999987e+01 2.490197311953427575e-07
-2.639639999999999986e+01 2.498066022477487663e-07
-2.633633999999999986e+01 2.530404122163352922e-07
-2.627627999999999986e+01 2.585070424460061712e-07
-2.621621999999999986e+01 2.662840565087380156e-07
-2.615616000000000341e+01 2.766534553066583443e-07
-2.609610000000000340e+01 2.890534478048923380e-07
-2.603604000000000340e+01 3.035278230726632075e-07
-2.597598000000000340e+01 3.198267582559104824e-07
-2.591592000000000340e+01 3.385835265518698484e-07
-2.585585999999999984e+01 3.591056601997598270e-07
-2.579579999999999984e+01 3.815776809874272367e-07
-2.573573999999999984e+01 4.053767102064870691e-07
-2.567567999999999984e+01 4.308404105080735132e-07
-2.561561999999999983e+01 4.566335751689168767e-07
-2.555555999999999983e+01 4.832426035405842064e-07
-2.549549999999999983e+01 5.096364998835760746e-07
-2.543543999999999983e+01 5.347888348424796078e-07
-2.537537999999999982e+01 5.578686487908552583e-07
-2.531531999999999982e+01 5.776679121025072457e-07
-2.525525999999999982e+01 5.930353274267937611e-07
-2.519519999999999982e+01 6.031315110357518348e-07
-2.513514000000000337e+01 6.051772921216837411e-07
-2.507508000000000337e+01 5.986499769256767762e-07
-2.501502000000000336e+01 5.831365203232271324e-07
-2.495495999999999981e+01 5.576210466428077671e-07
-2.489489999999999981e+01 5.215543932548562880e-07
-2.483483999999999980e+01 4.755837105090726104e-07
-2.477477999999999980e+01 4.218847419429244444e-07
-2.471471999999999980e+01 3.614406707033969459e-07
-2.465465999999999980e+01 2.971116701028013328e-07
-2.459459999999999980e+01 2.316603419936343300e-07
-2.453454000000000335e+01 1.692710338087893780e-07
-2.447448000000000334e+01 1.125767882812149796e-07
-2.441442000000000334e+01 6.501692222898364515e-08
-2.435436000000000334e+01 2.957674925842446501e-08
-2.429430000000000334e+01 7.479255959733353236e-09
-2.423424000000000333e+01 1.453473741166182140e-10
-2.417418000000000333e+01 7.458056769261613994e-09
-2.411411999999999978e+01 2.870276618557965177e-08
-2.405405999999999977e+01 6.185751376746245120e-08
-2.399399999999999977e+01 1.052214434552258322e-07
-2.393393999999999977e+01 1.559831134516526458e-07
-2.387387999999999977e+01 2.113226451351124771e-07
-2.381381999999999977e+01 2.686329883751125412e-07
-2.375375999999999976e+01 3.258900270955918575e-07
-2.369369999999999976e+01 3.814736469516137013e-07
-2.363363999999999976e+01 4.329730464062137379e-07
-2.357357999999999976e+01 4.802715464154427624e-07
-2.351351999999999975e+01 5.237348652620564405e-07
-2.345346000000000330e+01 5.618295933377793238e-07
-2.339340000000000330e+01 5.960043199403404955e-07
-2.333334000000000330e+01 6.266785675340631014e-07
-2.327328000000000330e+01 6.532879426698814536e-07
-2.321321999999999974e+01 6.775965132507543991e-07
-2.315315999999999974e+01 7.006966293101159890e-07
-2.309309999999999974e+01 7.222272882448426407e-07
-2.303303999999999974e+01 7.425625099055126801e-07
-2.297297999999999973e+01 7.639691377727053535e-07
-2.291291999999999973e+01 7.853214066706411537e-07
-2.285285999999999973e+01 8.071274460170036587e-07
-2.279280000000000328e+01 8.314463874131844918e-07
-2.273274000000000328e+01 8.562611376274562928e-07
-2.267268000000000328e+01 8.826566768286897107e-07
-2.261262000000000327e+01 9.106560500081399283e-07
-2.255256000000000327e+01 9.402643643085418409e-07
-2.249250000000000327e+01 9.702942885499751893e-07
-2.243244000000000327e+01 1.001584246294677994e-06
-2.237237999999999971e+01 1.033001399586944061e-06
-2.231231999999999971e+01 1.064869856000313494e-06
-2.225225999999999971e+01 1.096545999983148072e-06
-2.219219999999999970e+01 1.127634329514731255e-06
-2.213213999999999970e+01 1.157616489686953813e-06
-2.207207999999999970e+01 1.185870294250896213e-06
-2.201201999999999970e+01 1.211706483563329098e-06
-2.195195999999999970e+01 1.235745961956743034e-06
-2.189189999999999969e+01 1.253946875041417021e-06
-2.183183999999999969e+01 1.269444772320571970e-06
-2.177177999999999969e+01 1.279108345788009629e-06
-2.171171999999999969e+01 1.282060766512595070e-06
-2.165166000000000324e+01 1.277607748775904626e-06
-2.159160000000000323e+01 1.265740223376933598e-06
-2.153154000000000323e+01 1.243245472237353460e-06
-2.147147999999999968e+01 1.211431788136307152e-06
-2.141141999999999967e+01 1.167497666211055037e-06
-2.135135999999999967e+01 1.112952092797862303e-06
-2.129129999999999967e+01 1.046414946324546027e-06
-2.123124000000000322e+01 9.689341696178342130e-07
-2.117118000000000322e+01 8.806864106446962915e-07
-2.111112000000000322e+01 7.837161314492364969e-07
-2.105106000000000321e+01 6.795971209505028451e-07
-2.099100000000000321e+01 5.718365941628296401e-07
-2.093094000000000321e+01 4.626592666520709761e-07
-2.087088000000000321e+01 3.568558016582842501e-07
-2.081082000000000320e+01 2.578112937474550482e-07
-2.075076000000000320e+01 1.698546626900608538e-07
-2.069070000000000320e+01 9.684740833195998550e-08
-2.063063999999999965e+01 4.257586263174631453e-08
-2.057057999999999964e+01 1.007135088492898663e-08
-2.051051999999999964e+01 1.938437568570547848e-09
-2.045045999999999964e+01 2.022992331877594793e-08
-2.039039999999999964e+01 6.619743787039887134e-08
-2.033033999999999963e+01 1.406323016173527555e-07
-2.027027999999999963e+01 2.437973479231459621e-07
-2.021021999999999963e+01 3.750937712627702403e-07
-2.015015999999999963e+01 5.349772445278302735e-07
-2.009009999999999962e+01 7.224559820371294328e-07
-2.003003999999999962e+01 9.368990167947823526e-07
-1.996997999999999962e+01 1.176844328720697531e-06
-1.990992000000000317e+01 1.443244953711220233e-06
-1.984986000000000317e+01 1.735108078351134325e-06
-1.978980000000000317e+01 2.051042949632843493e-06
-1.972973999999999961e+01 2.392970252977987081e-06
-1.966967999999999961e+01 2.758091104970919805e-06
-1.960961999999999961e+01 3.147775237116407335e-06
-1.954955999999999960e+01 3.562247781110055801e-06
-1.948950000000000315e+01 3.997673023959027581e-06
-1.942944000000000315e+01 4.457454472550131075e-06
-1.936938000000000315e+01 4.939679227108181818e-06
-1.930932000000000315e+01 5.440822669462675262e-06
-1.924926000000000315e+01 5.961437266446908644e-06
-1.918920000000000314e+01 6.498316706579148124e-06
-1.912914000000000314e+01 7.051535164571125760e-06
-1.906908000000000314e+01 7.615323309715902421e-06
-1.900902000000000314e+01 8.187297482867998200e-06
-1.894896000000000313e+01 8.763828434586190286e-06
-1.888890000000000313e+01 9.340739040865892500e-06
-1.882883999999999958e+01 9.915767236170843312e-06
-1.876877999999999957e+01 1.048068405839082848e-05
-1.870871999999999957e+01 1.103360718831667591e-05
-1.864865999999999957e+01 1.156496667900941071e-05
-1.858859999999999957e+01 1.207343557679904661e-05
-1.852853999999999957e+01 1.255514270100847464e-05
-1.846847999999999956e+01 1.299631855095444110e-05
-1.840841999999999956e+01 1.340035163364507387e-05
-1.834835999999999956e+01 1.375472296624455141e-05
-1.828829999999999956e+01 1.405021867157226163e-05
-1.822824000000000311e+01 1.428513444365733943e-05
-1.816818000000000310e+01 1.445065206728757135e-05
-1.810812000000000310e+01 1.454438690428931423e-05
-1.804806000000000310e+01 1.455576651772160688e-05
-1.798799999999999955e+01 1.447749794365545753e-05
-1.792793999999999954e+01 1.431176171968692135e-05
-1.786787999999999954e+01 1.404967098991935181e-05
-1.780782000000000309e+01 1.369667713924808225e-05
-1.774776000000000309e+01 1.324721281465234675e-05
-1.768770000000000309e+01 1.270458177810906825e-05
-1.762764000000000308e+01 1.208180324232944478e-05
-1.756758000000000308e+01 1.137726356628650686e-05
-1.750752000000000308e+01 1.060463201931150004e-05
-1.744746000000000308e+01 9.775921284908679573e-06
-1.738740000000000308e+01 8.906892548280343213e-06
-1.732734000000000307e+01 8.007865099481593018e-06
-1.726728000000000307e+01 7.101304499294237649e-06
-1.720722000000000307e+01 6.202990751087198400e-06
-1.714716000000000307e+01 5.324436551111405512e-06
-1.708709999999999951e+01 4.483511188844800028e-06
-1.702703999999999951e+01 3.693501336999421859e-06
-1.696697999999999951e+01 2.965326719694104802e-06
-1.690691999999999950e+01 2.308212771235612842e-06
-1.684685999999999950e+01 1.731566692669425124e-06
-1.678679999999999950e+01 1.236475904956366673e-06
-1.672673999999999950e+01 8.283243239510819517e-07
-1.666667999999999950e+01 5.063341316945184827e-07
-1.660661999999999949e+01 2.685616323803714821e-07
-1.654656000000000304e+01 1.124512035965278640e-07
-1.648650000000000304e+01 3.233605290705727122e-08
-1.642644000000000304e+01 2.232433552503601222e-08
-1.636638000000000304e+01 7.508297857882738696e-08
-1.630632000000000303e+01 1.824252214081650619e-07
-1.624625999999999948e+01 3.362430427604054804e-07
-1.618619999999999948e+01 5.256925136355137339e-07
-1.612613999999999947e+01 7.418238782940117469e-07
-1.606608000000000303e+01 9.750858380001298823e-07
-1.600602000000000302e+01 1.213633143304547058e-06
-1.594596000000000302e+01 1.448329611974408615e-06
-1.588590000000000302e+01 1.670236987617630096e-06
-1.582584000000000302e+01 1.868931693611505795e-06
-1.576578000000000301e+01 2.036923460812301958e-06
-1.570572000000000301e+01 2.166962491244547471e-06
-1.564566000000000301e+01 2.253352302113886839e-06
-1.558560000000000123e+01 2.291670062347505053e-06
-1.552554000000000123e+01 2.280948087196317775e-06
-1.546548000000000123e+01 2.221173045575732488e-06
-1.540542000000000122e+01 2.114210956640349660e-06
-1.534536000000000122e+01 1.964149878613811587e-06
-1.528530000000000122e+01 1.778362691292311988e-06
-1.522524000000000299e+01 1.563726751894979360e-06
-1.516518000000000121e+01 1.330132478095871903e-06
-1.510512000000000121e+01 1.087725902536187020e-06
-1.504506000000000121e+01 8.473929830243206330e-07
-1.498500000000000121e+01 6.189906306435743842e-07
-1.492494000000000121e+01 4.132356763389818952e-07
-1.486488000000000120e+01 2.403192735390928823e-07
-1.480482000000000298e+01 1.100870542397987421e-07
-1.474476000000000298e+01 3.232750293539915335e-08
-1.468470000000000120e+01 1.662335137436621764e-08
-1.462464000000000119e+01 7.336305202422284926e-08
-1.456458000000000119e+01 2.129032881444278491e-07
-1.450452000000000119e+01 4.474163174881351873e-07
-1.444446000000000119e+01 7.904886605402484559e-07
-1.438440000000000119e+01 1.257489177246668116e-06
-1.432434000000000118e+01 1.865853760380247678e-06
-1.426427999999999940e+01 2.634309595230620068e-06
-1.420421999999999940e+01 3.587377226256788548e-06
-1.414416000000000295e+01 4.747119170973310863e-06
-1.408410000000000295e+01 6.144061234481953227e-06
-1.402404000000000295e+01 7.807797701972046586e-06
-1.396398000000000295e+01 9.767383341183089870e-06
-1.390392000000000294e+01 1.206242304962047025e-05
-1.384386000000000116e+01 1.472356263121985547e-05
-1.378380000000000116e+01 1.778638162540247810e-05
-1.372374000000000116e+01 2.129318444954503810e-05
-1.366368000000000116e+01 2.527183328885035550e-05
-1.360362000000000116e+01 2.975161002569298829e-05
-1.354356000000000115e+01 3.476249414579938299e-05
-1.348350000000000115e+01 4.032989489563671944e-05
-1.342344000000000115e+01 4.646407856022457693e-05
-1.336337999999999937e+01 5.318232317313445289e-05
-1.330332000000000292e+01 6.048232675172603981e-05
-1.324326000000000292e+01 6.837024566304387367e-05
-1.318320000000000292e+01 7.683427281358834666e-05
-1.312314000000000291e+01 8.586377905023687899e-05
-1.306308000000000291e+01 9.543962643304445376e-05
-1.300302000000000291e+01 1.055387090957914890e-04
-1.294296000000000113e+01 1.161219640124027904e-04
-1.288290000000000113e+01 1.271653202223615596e-04
-1.282284000000000113e+01 1.386351427768134467e-04
-1.276278000000000112e+01 1.504632922793689332e-04
-1.270272000000000112e+01 1.626177363760576971e-04
-1.264266000000000112e+01 1.750410775013642604e-04
-1.258260000000000112e+01 1.876653465293836654e-04
-1.252253999999999934e+01 2.004301668259567798e-04
-1.246248000000000289e+01 2.132674993844122977e-04
-1.240242000000000289e+01 2.260689252767974871e-04
-1.234236000000000288e+01 2.387689418813918518e-04
-1.228230000000000288e+01 2.512800695905965703e-04
-1.222224000000000288e+01 2.635109179672114705e-04
-1.216218000000000288e+01 2.753734347595336932e-04
-1.210212000000000110e+01 2.867572803033593054e-04
-1.204206000000000110e+01 2.975745259658943128e-04
-1.198200000000000109e+01 3.077451204834332908e-04
-1.192194000000000109e+01 3.172058515766906024e-04
-1.186188000000000109e+01 3.258690485063299815e-04
-1.180182000000000109e+01 3.336832630691718982e-04
-1.174176000000000109e+01 3.406222293377760978e-04
-1.168170000000000108e+01 3.466375923405605073e-04
-1.162164000000000286e+01 3.517240232653491019e-04
-1.156158000000000285e+01 3.558749850799500670e-04
-1.150152000000000285e+01 3.591125997774530449e-04
-1.144146000000000285e+01 3.614289175728274618e-04
-1.138140000000000285e+01 3.628493823277251381e-04
-1.132134000000000285e+01 3.634131737360451748e-04
-1.126128000000000284e+01 3.631534572434043373e-04
-1.120122000000000106e+01 3.620745294259312529e-04
-1.114116000000000106e+01 3.601839076851315151e-04
-1.108110000000000106e+01 3.575094811444573875e-04
-1.102104000000000106e+01 3.540534115542521101e-04
-1.096098000000000106e+01 3.498073287684991804e-04
-1.090092000000000105e+01 3.447615664882446203e-04
-1.084086000000000105e+01 3.388816373386306798e-04
-1.078080000000000105e+01 3.321387719744079521e-04
-1.072074000000000282e+01 3.245108600192085939e-04
-1.066068000000000282e+01 3.159551025054438368e-04
-1.060062000000000282e+01 3.064498898227514855e-04
-1.054056000000000282e+01 2.959523767753071766e-04
-1.048050000000000281e+01 2.844649186280760115e-04
-1.042044000000000281e+01 2.719724502180895253e-04
-1.036038000000000281e+01 2.584904200136334111e-04
-1.030032000000000103e+01 2.440629853371491893e-04
-1.024026000000000103e+01 2.287462782018410620e-04
-1.018020000000000103e+01 2.126288461401282573e-04
-1.012014000000000102e+01 1.958288619892956388e-04
-1.006008000000000102e+01 1.784672222020655826e-04
-1.000002000000000102e+01 1.607399905309043358e-04
-9.939960000000001017e+00 1.428132172177487417e-04
-9.879900000000002791e+00 1.248932501832202490e-04
-9.819840000000002789e+00 1.072176122319654014e-04
-9.759780000000002786e+00 9.002495739580353617e-05
-9.699720000000002784e+00 7.356547441158789956e-05
-9.639660000000002782e+00 5.809854899496140100e-05
-9.579600000000002780e+00 4.388781481209038022e-05
-9.519540000000002777e+00 3.121227949813362040e-05
-9.459480000000000999e+00 2.034180270909368034e-05
-9.399420000000000996e+00 1.155279407299109488e-05
-9.339360000000000994e+00 5.128933896481613895e-06
-9.279300000000000992e+00 1.352454477833207363e-06
-9.219240000000000990e+00 5.094319257997690625e-07
-9.159180000000000987e+00 2.891217032672894731e-06
-9.099120000000000985e+00 8.795829437357790612e-06
-9.039060000000002759e+00 1.852064354903077575e-05
-8.979000000000002757e+00 3.237474651545141656e-05
-8.918940000000002755e+00 5.066888757551893120e-05
-8.858880000000002752e+00 7.372664335904414491e-05
-8.798820000000002750e+00 1.018553767982671276e-04
-8.738760000000002748e+00 1.353780823694283799e-04
-8.678700000000002746e+00 1.746179582130118787e-04
-8.618640000000002743e+00 2.198932742039760976e-04
-8.558580000000000965e+00 2.714950039953784792e-04
-8.498520000000000962e+00 3.297477959230779598e-04
-8.438460000000000960e+00 3.949419629420415330e-04
-8.378400000000000958e+00 4.673373542538822117e-04
-8.318340000000000956e+00 5.472402682799553785e-04
-8.258280000000000953e+00 6.348869827179679610e-04
-8.198220000000004504e+00 7.305545310716315618e-04
-8.138160000000002725e+00 8.344593192238805796e-04
-8.078100000000002723e+00 9.468489074447450230e-04
-8.018040000000002721e+00 1.067951302944068629e-03
-7.957980000000002718e+00 1.198036397287285514e-03
-7.897920000000002716e+00 1.337252809261875106e-03
-7.837860000000001826e+00 1.485909801367354087e-03
-7.777800000000001823e+00 1.644260085069938326e-03
-7.717740000000001821e+00 1.812510302141125086e-03
-7.657680000000001819e+00 1.990985994780285727e-03
-7.597620000000000928e+00 2.179922242558988889e-03
-7.537560000000000926e+00 2.379683189101192663e-03
-7.477500000000000924e+00 2.590593410562260380e-03
-7.417440000000000921e+00 2.812875197897187624e-03
-7.357380000000003584e+00 3.046998238702555099e-03
-7.297320000000003581e+00 3.293165656888464871e-03
-7.237260000000003579e+00 3.551845657922584557e-03
-7.177200000000002689e+00 3.823207537724930029e-03
-7.117140000000002686e+00 4.107656066538384505e-03
-7.057080000000002684e+00 4.405384766722622927e-03
-6.997020000000002682e+00 4.716625404949469254e-03
-6.936960000000001791e+00 5.041479197551279774e-03
-6.876900000000001789e+00 5.379968240889200677e-03
-6.816840000000001787e+00 5.732090851618920797e-03
-6.756780000000001785e+00 6.097604672728472279e-03
-6.696720000000000894e+00 6.476295064381165298e-03
-6.636660000000000892e+00 6.867581244710079663e-03
-6.576600000000000890e+00 7.270887215666809247e-03
-6.516540000000000887e+00 7.685316606536472285e-03
-6.456480000000003550e+00 8.109848915463688593e-03
-6.396420000000003547e+00 8.543246518663984157e-03
-6.336360000000003545e+00 8.984191181172697382e-03
-6.276300000000002655e+00 9.430831030929535605e-03
-6.216240000000002652e+00 9.881487420337392927e-03
-6.156180000000002650e+00 1.033413241766015928e-02
-6.096120000000002648e+00 1.078654000555068736e-02
-6.036060000000001757e+00 1.123640096411623532e-02
-5.976000000000001755e+00 1.168138043853702776e-02
-5.915940000000001753e+00 1.211883138069780146e-02
-5.855880000000000862e+00 1.254622608910044464e-02
-5.795820000000000860e+00 1.296089422685704588e-02
-5.735760000000000858e+00 1.336020006963830990e-02
-5.675700000000000855e+00 1.374120237291974987e-02
-5.615640000000003518e+00 1.410136666197133945e-02
-5.555580000000003515e+00 1.443772584321682990e-02
-5.495520000000003513e+00 1.474738199632761627e-02
-5.435460000000002623e+00 1.502719311754406074e-02
-5.375400000000002620e+00 1.527377188064291819e-02
-5.315340000000002618e+00 1.548371354970214976e-02
-5.255280000000002616e+00 1.565306294080275051e-02
-5.195220000000001725e+00 1.577768533305627316e-02
-5.135160000000001723e+00 1.585294437676161225e-02
-5.075100000000001721e+00 1.587356367844342322e-02
-5.015040000000001719e+00 1.583420882071020705e-02
-4.954980000000000828e+00 1.572889267393976984e-02
-4.894920000000000826e+00 1.555124246859067479e-02
-4.834860000000000824e+00 1.529491967259449282e-02
-4.774800000000003486e+00 1.495327188227232526e-02
-4.714740000000003484e+00 1.452027537149498844e-02
-4.654680000000003481e+00 1.399015560775105672e-02
-4.594620000000003479e+00 1.335847933163558481e-02
-4.534560000000002589e+00 1.262244257696266275e-02
-4.474500000000002586e+00 1.178127233030142745e-02
-4.414440000000002584e+00 1.083763380052477597e-02
-4.354380000000002582e+00 9.797802787006369349e-03
-4.294320000000001691e+00 8.673119638558069236e-03
-4.234260000000001689e+00 7.481096712260160153e-03
-4.174200000000001687e+00 6.246418683484351690e-03
-4.114140000000000796e+00 5.002395484869155001e-03
-4.054080000000000794e+00 3.792339660470776200e-03
-3.994020000000000792e+00 2.671243260031467073e-03
-3.933960000000003898e+00 1.707337790736218218e-03
-3.873900000000003896e+00 9.838124346204257277e-04
-3.813840000000003450e+00 6.007047531202449600e-04
-3.753780000000003003e+00 6.768953693090096462e-04
-3.693720000000003001e+00 1.352207175510477264e-03
-3.633660000000002555e+00 2.789552831810727766e-03
-3.573600000000002552e+00 5.177383260191023052e-03
-3.513540000000002106e+00 8.732122590312637461e-03
-3.453480000000002104e+00 1.370072846773072450e-02
-3.393420000000001657e+00 2.036314150556332858e-02
-3.333360000000001655e+00 2.903566858979796453e-02
-3.273300000000001209e+00 4.007269212946784620e-02
-3.213240000000001206e+00 5.386979175525680869e-02
-3.153180000000000760e+00 7.086616142139477714e-02
-3.093120000000003866e+00 9.154605999778386849e-02
-3.033060000000003864e+00 1.164412187287011680e-01
-2.973000000000003418e+00 1.461305044785260188e-01
-2.912940000000003415e+00 1.812418540003558343e-01
-2.852880000000002969e+00 2.224493104901497931e-01
-2.792820000000002967e+00 2.704734067235249895e-01
-2.732760000000002520e+00 3.260758891551489014e-01
-2.672700000000002518e+00 3.900562250752944715e-01
-2.612640000000002072e+00 4.632460441016452157e-01
-2.552580000000002070e+00 5.465003017836264076e-01
-2.492520000000001623e+00 6.406885023222268494e-01
-2.432460000000001621e+00 7.466835085586274179e-01
-2.372400000000001175e+00 8.653518854635666724e-01
-2.312340000000001172e+00 9.975361357257190864e-01
-2.252280000000000726e+00 1.144044334597891233e+00
-2.192220000000003832e+00 1.305631002013548869e+00
-2.132160000000003830e+00 1.482983309549574358e+00
-2.072100000000003384e+00 1.676704740448420994e+00
-2.012040000000003381e+00 1.887299251054758820e+00
-1.951980000000002935e+00 2.115152374725111528e+00
-1.891920000000002711e+00 2.360519010931910966e+00
-1.831860000000002486e+00 2.623507828893288263e+00
-1.771800000000002262e+00 2.904072686626736122e+00
-1.711740000000002038e+00 3.201990694235202994e+00
-1.651680000000001813e+00 3.516863122626918692e+00
-1.591620000000001589e+00 3.848096600784447041e+00
-1.531560000000001365e+00 4.194904872408078411e+00
-1.471500000000001140e+00 4.556298724425415614e+00
-1.411440000000000916e+00 4.931083173031765909e+00
-1.351380000000004022e+00 5.317856796189205149e+00
-1.291320000000003798e+00 5.715012042152422644e+00
-1.231260000000003574e+00 6.120737678766067447e+00
-1.171200000000003349e+00 6.533028664433185639e+00
-1.111140000000003125e+00 6.949685303079713883e+00
-1.051080000000002901e+00 7.368334443780975462e+00
-9.910200000000025655e-01 7.786436914225090433e+00
-9.309600000000023412e-01 8.201310486214710593e+00
-8.709000000000021169e-01 8.610145125688449141e+00
-8.108400000000018926e-01 9.010037486652420213e+00
-7.507800000000016682e-01 9.398011492859479787e+00
-6.907200000000014439e-01 9.771054498597624871e+00
-6.306600000000012196e-01 1.012615519817087240e+01
-5.706000000000009953e-01 1.046034125423785177e+01
-5.105400000000041016e-01 1.077072137675991748e+01
-4.504800000000038773e-01 1.105452542709692665e+01
-3.904200000000035975e-01 1.130915373069433194e+01
-3.303600000000033732e-01 1.153221777805075021e+01
-2.703000000000031489e-01 1.172157776292897324e+01
-2.102400000000029245e-01 1.187538740253859615e+01
-1.501800000000026725e-01 1.199212391385387200e+01
-9.012000000000244815e-02 1.207061803955186541e+01
-3.006000000000221689e-02 1.211007771146648970e+01
2.999999999999801784e-02 1.211010247416908925e+01
9.005999999999825256e-02 1.207069191729216762e+01
1.501199999999984769e-01 1.199224588832511529e+01
2.101799999999987290e-01 1.187555599847363474e+01
2.702399999999989810e-01 1.172179029522447280e+01
3.302999999999958192e-01 1.153247202591851028e+01
3.903599999999960435e-01 1.130944677499878992e+01
4.504199999999962678e-01 1.105485252147331821e+01
5.104799999999964921e-01 1.077108005196781804e+01
5.705399999999967164e-01 1.046072767910052370e+01
6.305999999999969408e-01 1.012656493515901701e+01
6.906599999999971651e-01 9.771482825577731290e+00
7.507199999999975004e-01 9.398456381488603739e+00
8.107799999999977247e-01 9.010493481001761396e+00
8.708399999999979491e-01 8.610608121395566528e+00
9.308999999999981734e-01 8.201778782368405629e+00
9.909599999999983977e-01 7.786906003602003246e+00
1.051019999999998511e+00 7.368802714754057348e+00
1.111079999999998957e+00 6.950150232396830496e+00
1.171139999999999182e+00 6.533485580000524706e+00
1.231199999999999406e+00 6.121187997993694729e+00
1.291259999999999630e+00 5.715452187483105462e+00
1.351319999999999855e+00 5.318284328767069802e+00
1.411380000000000079e+00 4.931498998630634567e+00
1.471440000000000303e+00 4.556700429175086775e+00
1.531500000000000528e+00 4.195290933357158636e+00
1.591560000000000752e+00 3.848465238294853208e+00
1.651619999999994093e+00 3.517216520415381797e+00
1.711679999999994317e+00 3.202328233134794200e+00
1.771739999999994764e+00 2.904393217308260500e+00
1.831799999999994988e+00 2.623811382737325726e+00
1.891859999999995212e+00 2.360803596354243972e+00
1.951919999999995436e+00 2.115419329460254350e+00
2.011979999999995439e+00 1.887548977199484224e+00
2.072039999999995885e+00 1.676937748571745379e+00
2.132099999999995887e+00 1.483199029485253062e+00
2.192159999999996334e+00 1.305831059692365459e+00
2.252219999999996336e+00 1.144228723138878800e+00
2.312279999999996782e+00 9.977057179583841418e-01
2.372339999999997229e+00 8.655063116433273640e-01
2.432399999999997231e+00 7.468240826148058176e-01
2.492459999999997677e+00 6.408154310267285547e-01
2.552519999999997680e+00 5.466146224974085532e-01
2.612579999999998126e+00 4.633486610733176803e-01
2.672639999999998128e+00 3.901477330806081278e-01
2.732699999999998575e+00 3.261567623774687674e-01
2.792759999999998577e+00 2.705440766035248634e-01
2.852819999999999023e+00 2.225113712658954856e-01
2.912879999999999026e+00 1.812951454772569748e-01
2.972939999999999472e+00 1.461762999152819431e-01
3.032999999999999474e+00 1.164797143375042726e-01
3.093059999999999921e+00 9.157844579914591054e-02
3.153119999999999923e+00 7.089279932800388040e-02
3.213180000000000369e+00 5.389139101016780786e-02
3.273240000000000371e+00 4.008978227678992173e-02
3.333299999999994156e+00 2.904918038084807613e-02
3.393359999999994159e+00 2.037330561001332238e-02
3.453419999999994605e+00 1.370807787327571990e-02
3.513479999999994607e+00 8.737265808622112981e-03
3.573539999999995054e+00 5.180671432511520930e-03
3.633599999999995056e+00 2.791438540612813015e-03
3.693659999999995502e+00 1.353027498738489012e-03
3.753719999999995505e+00 6.769704785969947632e-04
3.813779999999995951e+00 6.002528818725281394e-04
3.873839999999995953e+00 9.830561915346624265e-04
3.933899999999996400e+00 1.706432149383637969e-03
3.993959999999996402e+00 2.670333366272156696e-03
4.054019999999996848e+00 3.791500886876309102e-03
4.114079999999996851e+00 5.001745692857124254e-03
4.174139999999996853e+00 6.246022481830728473e-03
4.234199999999997743e+00 7.480890157638879837e-03
4.294259999999997746e+00 8.673153203591564900e-03
4.354319999999997748e+00 9.798027992277287199e-03
4.414379999999998638e+00 1.083809272934333802e-02
4.474439999999998641e+00 1.178200810595243959e-02
4.534499999999998643e+00 1.262335684196528793e-02
4.594559999999998645e+00 1.335961796540621402e-02
4.654619999999999536e+00 1.399145533765593780e-02
4.714679999999999538e+00 1.452185126090495791e-02
4.774739999999999540e+00 1.495512679662432988e-02
4.834799999999999542e+00 1.529699169501086420e-02
4.894860000000000433e+00 1.555355069937471718e-02
4.954920000000000435e+00 1.573138228070492320e-02
5.014980000000000437e+00 1.583698863549578076e-02
5.075039999999994222e+00 1.587661663747488155e-02
5.135099999999994225e+00 1.585617827881634703e-02
5.195159999999994227e+00 1.578120618880945666e-02
5.255219999999995117e+00 1.565687722057827747e-02
5.315279999999995120e+00 1.548766024843147189e-02
5.375339999999995122e+00 1.527789204211887734e-02
5.435399999999995124e+00 1.503143063058996233e-02
5.495459999999996015e+00 1.475177592430110957e-02
5.555519999999996017e+00 1.444227908828125441e-02
5.615579999999996019e+00 1.410603421689827879e-02
5.675639999999996022e+00 1.374587207976398461e-02
5.735699999999996912e+00 1.336484577200834287e-02
5.795759999999996914e+00 1.296560063058775809e-02
5.855819999999996917e+00 1.255089052382588229e-02
5.915879999999996919e+00 1.212348481283378500e-02
5.975939999999997809e+00 1.168600611556477875e-02
6.035999999999997812e+00 1.124097477966158956e-02
6.096059999999997814e+00 1.079102877413379291e-02
6.156119999999997816e+00 1.033853480787786175e-02
6.216179999999998707e+00 9.885819813663852124e-03
6.276239999999998709e+00 9.435035420443068852e-03
6.336299999999998711e+00 8.988316050489317255e-03
6.396359999999999602e+00 8.547314618215208493e-03
6.456419999999999604e+00 8.113756407307952737e-03
6.516479999999999606e+00 7.689080062337146776e-03
6.576539999999999608e+00 7.274440613915134947e-03
6.636600000000000499e+00 6.871013307395044782e-03
6.696660000000000501e+00 6.479554820136489320e-03
6.756719999999993398e+00 6.100713829704520162e-03
6.816779999999994288e+00 5.734965999625671156e-03
6.876839999999994291e+00 5.382611229434901452e-03
6.936899999999994293e+00 5.043904813254791730e-03
6.996959999999995183e+00 4.718844012614824800e-03
7.057019999999995186e+00 4.407339745152447259e-03
7.117079999999995188e+00 4.109436246327774316e-03
7.177139999999995190e+00 3.824726467709072073e-03
7.237199999999996081e+00 3.553139878594207667e-03
7.297259999999996083e+00 3.294300135144258204e-03
7.357319999999996085e+00 3.047863317525612188e-03
7.417379999999996087e+00 2.813602724916425615e-03
7.477439999999996978e+00 2.591126469848171240e-03
7.537499999999996980e+00 2.380105077506385405e-03
7.597559999999996982e+00 2.180229155160195564e-03
7.657619999999996985e+00 1.991153749275371629e-03
7.717679999999997875e+00 1.812566068519446240e-03
7.777739999999997877e+00 1.644254379887013715e-03
7.837799999999997880e+00 1.485828354744391866e-03
7.897859999999997882e+00 1.337127334987474195e-03
7.957919999999998772e+00 1.197831906346014412e-03
8.017979999999997887e+00 1.067752052091916872e-03
8.078039999999999665e+00 9.466229184885830870e-04
8.138099999999999667e+00 8.341851196982000109e-04
8.198159999999999670e+00 7.302710125816628184e-04
8.258219999999999672e+00 6.345924708452876841e-04
8.318279999999999674e+00 5.469268998423114370e-04
8.378339999999999677e+00 4.670293429879699386e-04
8.438399999999999679e+00 3.946065768265116140e-04
8.498459999999994352e+00 3.294142226316025936e-04
8.558519999999994354e+00 2.711703017973370066e-04
8.618579999999994357e+00 2.195683213653843726e-04
8.678639999999994359e+00 1.742946513826930052e-04
8.738699999999994361e+00 1.350827559439702545e-04
8.798759999999994363e+00 1.015699099264876897e-04
8.858819999999996142e+00 7.346404792723305085e-05
8.918879999999996144e+00 5.043519786715474311e-05
8.978939999999996147e+00 3.216678607892781762e-05
9.038999999999996149e+00 1.834701103180508337e-05
9.099059999999996151e+00 8.658781032978355897e-06
9.159119999999996153e+00 2.793832535299742310e-06
9.219179999999996156e+00 4.534630573732344377e-07
9.279239999999996158e+00 1.339987913856191249e-06
9.339299999999997937e+00 5.161318189097963435e-06
9.399359999999997939e+00 1.162693963208644331e-05
9.459419999999997941e+00 2.045946554111019707e-05
9.519479999999997943e+00 3.137878517875850146e-05
9.579539999999997946e+00 4.409572156523444654e-05
9.639599999999997948e+00 5.834288851720094058e-05
9.699659999999997950e+00 7.385216590562651410e-05
9.759719999999997953e+00 9.035655704256260318e-05
9.819779999999999731e+00 1.075799108666023802e-04
9.879839999999999733e+00 1.253006131423782695e-04
9.939899999999999736e+00 1.432492062341496006e-04
9.999959999999999738e+00 1.612133634451827253e-04
1.006001999999999974e+01 1.789865092618249138e-04
1.012007999999999974e+01 1.963699496731021235e-04
1.018013999999999442e+01 2.132016678256877019e-04
1.024019999999999442e+01 2.293368461113847194e-04
1.030025999999999442e+01 2.446603133258118076e-04
1.036031999999999442e+01 2.591063983788770286e-04
1.042037999999999442e+01 2.725942697554431071e-04
1.048043999999999443e+01 2.850860676848458340e-04
1.054049999999999443e+01 2.965781539853569416e-04
1.060055999999999443e+01 3.070459995229568454e-04
1.066061999999999621e+01 3.165453118707998005e-04
1.072067999999999621e+01 3.250615117655395836e-04
1.078073999999999621e+01 3.326540551141244631e-04
1.084079999999999622e+01 3.393568382806679386e-04
1.090085999999999622e+01 3.452046578596896262e-04
1.096091999999999622e+01 3.502145286936160723e-04
1.102097999999999622e+01 3.544150074775914770e-04
1.108103999999999800e+01 3.578178746716119060e-04
1.114109999999999800e+01 3.604544172651153247e-04
1.120115999999999801e+01 3.622879628307364543e-04
1.126121999999999801e+01 3.633423012746185934e-04
1.132127999999999801e+01 3.635850531643967497e-04
1.138133999999999801e+01 3.629837560934270077e-04
1.144139999999999802e+01 3.615316930917422070e-04
1.150145999999999802e+01 3.591855016353282578e-04
1.156151999999999980e+01 3.559339279492790579e-04
1.162157999999999980e+01 3.517712256610263408e-04
1.168163999999999980e+01 3.466762918223911479e-04
1.174169999999999980e+01 3.406447281222711081e-04
1.180175999999999981e+01 3.336976680527013067e-04
1.186181999999999270e+01 3.258521717344687240e-04
1.192187999999999448e+01 3.171720377155996373e-04
1.198193999999999448e+01 3.077065519380182772e-04
1.204199999999999449e+01 2.975125917060304119e-04
1.210205999999999449e+01 2.866610333824682428e-04
1.216211999999999449e+01 2.752503941045978016e-04
1.222217999999999449e+01 2.633767345101433615e-04
1.228223999999999450e+01 2.511160436287162125e-04
1.234229999999999450e+01 2.385750872704122088e-04
1.240235999999999628e+01 2.258412820288740585e-04
1.246241999999999628e+01 2.130088561187963971e-04
1.252247999999999628e+01 2.001474706389056075e-04
1.258253999999999628e+01 1.873633041719033375e-04
1.264259999999999629e+01 1.747220622696648868e-04
1.270265999999999629e+01 1.622856341798640275e-04
1.276271999999999629e+01 1.501147629332351353e-04
1.282277999999999807e+01 1.382703887723331360e-04
1.288283999999999807e+01 1.268132636001213928e-04
1.294289999999999807e+01 1.157636930585235850e-04
1.300295999999999808e+01 1.051860308628554762e-04
1.306301999999999808e+01 9.509690456698784101e-05
1.312307999999999808e+01 8.553358058785217742e-05
1.318313999999999808e+01 7.651871164496348648e-05
1.324319999999999808e+01 6.806685001962681084e-05
1.330325999999999986e+01 6.019399096482115847e-05
1.336331999999999987e+01 5.290896800751902025e-05
1.342337999999999987e+01 4.620460687356607593e-05
1.348343999999999987e+01 4.008924823775686310e-05
1.354349999999999987e+01 3.453662496913379316e-05
1.360355999999999277e+01 2.953968850036973291e-05
1.366361999999999455e+01 2.507327665198011817e-05
1.372367999999999455e+01 2.111236425786996120e-05
1.378373999999999455e+01 1.761882592400494180e-05
1.384379999999999455e+01 1.456797535254149933e-05
1.390385999999999456e+01 1.191927995126954724e-05
1.396391999999999456e+01 9.638629288643082524e-06
1.402397999999999456e+01 7.690196686961999587e-06
1.408403999999999456e+01 6.040361430363068673e-06
1.414409999999999634e+01 4.657058945672249708e-06
1.420415999999999634e+01 3.509767628653071865e-06
1.426421999999999635e+01 2.568706271580855441e-06
1.432427999999999635e+01 1.811805557671246822e-06
1.438433999999999635e+01 1.214898918639227071e-06
1.444439999999999635e+01 7.583804031807912134e-07
1.450445999999999636e+01 4.249644575289580826e-07
1.456451999999999636e+01 1.986427845266864081e-07
1.462457999999999814e+01 6.631357915574114442e-08
1.468463999999999814e+01 1.606580647536510148e-08
1.474469999999999814e+01 3.671781291141470853e-08
1.480475999999999814e+01 1.185218771966217296e-07
1.486481999999999815e+01 2.516344245576346031e-07
1.492487999999999815e+01 4.263432526677856174e-07
1.498493999999999815e+01 6.327122458117026174e-07
1.504499999999999993e+01 8.620014982385726502e-07
1.510505999999999993e+01 1.101444294026804047e-06
1.516511999999999993e+01 1.342771355285491228e-06
1.522517999999999994e+01 1.575635380451698969e-06
1.528523999999999283e+01 1.787548886013769286e-06
1.534529999999999283e+01 1.971344347739968103e-06
1.540535999999999461e+01 2.119552056353594054e-06
1.546541999999999462e+01 2.225263452785022602e-06
1.552547999999999462e+01 2.283279339482203925e-06
1.558553999999999462e+01 2.292680657172667786e-06
1.564559999999999462e+01 2.252569849521690174e-06
1.570565999999999462e+01 2.164272129946813624e-06
1.576571999999999463e+01 2.031702267695354578e-06
1.582577999999999463e+01 1.862736573160044095e-06
1.588583999999999641e+01 1.661996215662372632e-06
1.594589999999999641e+01 1.439387855059825965e-06
1.600595999999999464e+01 1.202244989347366878e-06
1.606601999999999464e+01 9.620523222045914061e-07
1.612607999999999819e+01 7.283464348466094989e-07
1.618613999999999820e+01 5.111566141363951001e-07
1.624619999999999820e+01 3.211917997967376071e-07
1.630625999999999820e+01 1.679927023992735620e-07
1.636631999999999820e+01 6.151267199387439435e-08
1.642637999999999820e+01 1.065162933414378162e-08
1.648643999999999821e+01 2.353130738205097427e-08
1.654649999999999821e+01 1.076968762860400898e-07
1.660655999999999821e+01 2.694680897470703472e-07
1.666661999999999821e+01 5.131561265010428580e-07
1.672667999999999822e+01 8.433645100345779539e-07
1.678673999999999822e+01 1.260338418486371877e-06
1.684679999999999822e+01 1.764302401905994822e-06
1.690685999999999822e+01 2.352445633104848662e-06
1.696691999999999823e+01 3.020013168191043417e-06
1.702697999999999467e+01 3.759988204249192419e-06
1.708703999999999468e+01 4.563409755848448475e-06
1.714709999999999468e+01 5.415512886096113270e-06
1.720715999999999468e+01 6.306842038619959231e-06
1.726721999999999468e+01 7.219720088666706105e-06
1.732727999999999469e+01 8.137854324094610567e-06
1.738733999999999469e+01 9.044212975968255120e-06
1.744739999999999469e+01 9.924377068741687080e-06
1.750745999999999469e+01 1.076269678978830603e-05
1.756751999999999470e+01 1.154398073747484819e-05
1.762757999999999470e+01 1.225210451438008660e-05
1.768763999999999470e+01 1.288289263046254488e-05
1.774769999999999470e+01 1.342700241118586857e-05
1.780775999999999470e+01 1.387679918496533747e-05
1.786781999999999826e+01 1.423149799891429051e-05
1.792787999999999826e+01 1.448940020748781574e-05
1.798793999999999826e+01 1.465222735474559313e-05
1.804799999999999827e+01 1.472484732304998581e-05
1.810805999999999827e+01 1.470311728138419064e-05
1.816811999999999827e+01 1.460836912525301922e-05
1.822817999999999827e+01 1.443292512873964866e-05
1.828823999999999828e+01 1.418608424127282118e-05
1.834829999999999828e+01 1.388035987125715066e-05
1.840835999999999828e+01 1.351930683452177008e-05
1.846841999999999828e+01 1.311141683168074102e-05
1.852847999999999828e+01 1.265968851594952060e-05
1.858853999999999829e+01 1.217312816961558160e-05
1.864859999999999829e+01 1.165796861904136126e-05
1.870865999999999474e+01 1.111980205755752553e-05
1.876871999999999474e+01 1.056394769209864671e-05
1.882877999999999474e+01 9.993698769386163812e-06
1.888883999999999475e+01 9.418091004331712143e-06
1.894889999999999475e+01 8.837883911334171747e-06
1.900895999999999475e+01 8.259207186938266940e-06
1.906901999999999475e+01 7.684269637022099228e-06
1.912907999999999475e+01 7.118717198932989051e-06
1.918913999999999476e+01 6.564807214667890917e-06
1.924919999999999476e+01 6.023424319889507015e-06
1.930925999999999476e+01 5.500071749751328370e-06
1.936931999999999476e+01 4.993880312742984586e-06
1.942937999999999477e+01 4.510011068141151198e-06
1.948943999999999477e+01 4.045134599599891887e-06
1.954949999999999477e+01 3.604485240567351347e-06
1.960955999999999833e+01 3.185672813854854242e-06
1.966961999999999833e+01 2.790314550597098768e-06
1.972967999999999833e+01 2.418160089772032787e-06
1.978973999999999833e+01 2.072214472305303094e-06
1.984979999999999833e+01 1.749402808382163640e-06
1.990985999999999834e+01 1.452701913394064856e-06
1.996991999999999834e+01 1.180658940194002843e-06
2.002997999999999834e+01 9.362974514483725541e-07
2.009003999999999834e+01 7.186865019587223395e-07
2.015009999999999835e+01 5.291119333447742016e-07
2.021015999999999835e+01 3.681774229105104144e-07
2.027021999999999835e+01 2.365501465005623895e-07
2.033027999999999835e+01 1.338450535633435861e-07
2.039033999999999835e+01 6.101784648673683705e-08
2.045039999999999480e+01 1.748177038472837670e-08
2.051045999999999481e+01 2.321170594380244462e-09
2.057051999999999481e+01 1.406039113102936335e-08
2.063057999999999481e+01 5.068690528793929682e-08
2.069063999999999481e+01 1.092151124081962399e-07
2.075069999999999482e+01 1.870468736476300722e-07
2.081075999999999482e+01 2.796717346531897277e-07
2.087081999999999482e+01 3.829888426855166270e-07
2.093087999999999482e+01 4.936391825476916782e-07
2.099093999999999482e+01 6.062033414595703895e-07
2.105099999999999483e+01 7.179353049035019808e-07
2.111105999999999483e+01 8.248997829761150359e-07
2.117111999999999483e+01 9.248682926844696371e-07
2.123117999999999483e+01 1.014995040988296262e-06
2.129123999999999484e+01 1.093576050455000206e-06
2.135129999999999839e+01 1.160542132415990261e-06
2.141135999999999839e+01 1.215572427460890202e-06
2.147141999999999840e+01 1.259048228989721542e-06
2.153147999999999840e+01 1.290134890030651875e-06
2.159153999999999840e+01 1.310971769932531821e-06
2.165159999999999840e+01 1.321591196009093549e-06
2.171165999999999840e+01 1.324434375512259530e-06
2.177171999999999841e+01 1.319329830738453290e-06
2.183177999999999841e+01 1.308900841351088865e-06
2.189183999999999841e+01 1.292387754523374193e-06
2.195189999999999841e+01 1.271393494942790154e-06
2.201195999999999842e+01 1.248102393450053444e-06
2.207201999999999842e+01 1.221239039239650506e-06
2.213207999999999132e+01 1.192012959483283203e-06
2.219213999999999487e+01 1.161490393164634832e-06
2.225219999999999487e+01 1.130417645086465296e-06
2.231225999999999487e+01 1.099305939385586816e-06
2.237231999999999488e+01 1.066965702976070586e-06
2.243237999999999488e+01 1.035523765997887394e-06
2.249243999999999488e+01 1.004111692371102187e-06
2.255249999999999488e+01 9.728624830024815931e-07
2.261255999999999489e+01 9.431009455989147173e-07
2.267261999999999489e+01 9.143766522074080783e-07
2.273267999999999489e+01 8.872139912102813157e-07
2.279273999999999489e+01 8.614555488377991594e-07
2.285279999999999490e+01 8.367402544949994719e-07
2.291285999999999490e+01 8.137746754886917200e-07
2.297291999999999490e+01 7.911475878529691349e-07
2.303297999999999490e+01 7.686425706262473357e-07
2.309303999999999490e+01 7.457920343086342715e-07
2.315309999999999846e+01 7.229099405211661907e-07
2.321315999999999846e+01 6.990495682341704349e-07
2.327321999999999846e+01 6.727467909187653499e-07
2.333327999999999847e+01 6.436968986699820416e-07
2.339333999999999847e+01 6.114958348945316087e-07
2.345339999999999847e+01 5.762821943421126772e-07
2.351345999999999847e+01 5.358473097446515486e-07
2.357351999999999848e+01 4.913596004927234648e-07
2.363357999999999848e+01 4.426361726483827926e-07
2.369363999999999848e+01 3.887317374770942344e-07
2.375369999999999848e+01 3.326191757320100503e-07
2.381375999999999138e+01 2.743352696781502452e-07
2.387381999999999138e+01 2.153888527494115693e-07
2.393387999999999494e+01 1.592641273220077806e-07
2.399393999999999494e+01 1.074310611737030190e-07
2.405399999999999494e+01 6.352662697051606083e-08
2.411405999999999494e+01 2.968247545380809557e-08
2.417411999999999495e+01 8.188779584112223483e-09
2.423417999999999495e+01 7.837268613123239169e-10
2.429423999999999495e+01 8.389641770179079452e-09
2.435429999999999495e+01 3.093937185152202247e-08
2.441435999999999495e+01 6.768286653550549374e-08
2.447441999999999496e+01 1.166858962467109819e-07
2.453447999999999496e+01 1.747451214020312542e-07
2.459453999999999496e+01 2.396506970945032996e-07
2.465459999999999496e+01 3.070254996332619434e-07
2.471465999999999497e+01 3.739630789232324448e-07
2.477471999999999497e+01 4.371686067803068304e-07
2.483477999999999497e+01 4.941655467149867844e-07
2.489483999999999853e+01 5.416762520407451173e-07
2.495489999999999853e+01 5.803564273065096710e-07
2.501495999999999853e+01 6.081389864963782667e-07
2.507501999999999853e+01 6.249778272346194253e-07
2.513507999999999853e+01 6.322909449370856148e-07
2.519513999999999854e+01 6.312502926047075066e-07
2.525519999999999854e+01 6.213465811486091519e-07
2.531525999999999854e+01 6.061184313507653994e-07
2.537531999999999854e+01 5.859885885851929161e-07
2.543537999999999855e+01 5.622828000672489853e-07
2.549543999999999855e+01 5.367294928002521905e-07
2.555549999999999145e+01 5.095240616199412832e-07
2.561555999999999145e+01 4.821981187896627363e-07
2.567561999999999145e+01 4.557559196990354519e-07
2.573567999999999500e+01 4.292261278180953031e-07
2.579573999999999501e+01 4.048453164524341566e-07
2.585579999999999501e+01 3.823315491253456466e-07
2.591585999999999501e+01 3.609050442762972659e-07
2.597591999999999501e+01 3.417599013422069447e-07
2.603597999999999502e+01 3.247640077236669738e-07
2.609603999999999502e+01 3.096369145763451337e-07
2.615609999999999502e+01 2.967549318762025391e-07
2.621615999999999502e+01 2.854360975106977337e-07
2.627621999999999503e+01 2.766489734750885635e-07
2.633627999999999503e+01 2.699670732540472548e-07
2.639633999999999503e+01 2.656806428654445122e-07
2.645639999999999503e+01 2.640387724801814620e-07
2.651645999999999503e+01 2.647191174107138127e-07
2.657651999999999504e+01 2.689440791874886234e-07
2.663657999999999859e+01 2.761665205871898079e-07
2.669663999999999859e+01 2.872774139923326099e-07
2.675669999999999860e+01 3.029763284513798851e-07
2.681675999999999860e+01 3.231231179304989669e-07
2.687681999999999860e+01 3.476528615121861804e-07
2.693687999999999860e+01 3.784911377426593156e-07
2.699693999999999861e+01 4.158195301297077595e-07
2.705699999999999861e+01 4.591741519836465747e-07
2.711705999999999861e+01 5.107801909690024883e-07
2.717711999999999861e+01 5.696701716875406964e-07
2.723717999999999151e+01 6.370223163345215340e-07
2.729723999999999151e+01 7.123141514484039165e-07
2.735729999999999151e+01 7.955145891872750983e-07
2.741735999999999152e+01 8.861155653310992520e-07
2.747741999999999507e+01 9.843714339830728737e-07
2.753747999999999507e+01 1.087365262976770172e-06
2.759753999999999508e+01 1.192999032765144698e-06
2.765759999999999508e+01 1.300908807119177305e-06
2.771765999999999508e+01 1.409042865668974909e-06
2.777771999999999508e+01 1.513097357691316962e-06
2.783777999999999508e+01 1.611260779933846264e-06
2.789783999999999509e+01 1.700895496329379837e-06
2.795789999999999509e+01 1.781143550263579064e-06
2.801795999999999509e+01 1.848644563759660596e-06
2.807801999999999509e+01 1.901259320520426083e-06
2.813807999999999510e+01 1.938349001552987066e-06
2.819813999999999510e+01 1.959247249620869642e-06
2.825819999999999510e+01 1.962223051040629954e-06
2.831825999999999510e+01 1.947204401417698147e-06
2.837831999999999866e+01 1.915833889861750935e-06
2.843837999999999866e+01 1.868362778613090548e-06
2.849843999999999866e+01 1.805275019536982691e-06
2.855849999999999866e+01 1.729882800093832426e-06
2.861855999999999867e+01 1.642609579667825628e-06
2.867861999999999867e+01 1.545768620669760572e-06
2.873867999999999867e+01 1.442980838301267534e-06
2.879873999999999867e+01 1.334764931247537824e-06
2.885879999999999868e+01 1.222774128021180194e-06
2.891885999999999868e+01 1.110675087319376270e-06
2.897891999999999157e+01 1.000727733010492115e-06
2.903897999999999158e+01 8.936417595346111727e-07
2.909903999999999158e+01 7.915579208204868296e-07
2.915909999999999158e+01 6.954972562863894094e-07
2.921915999999999514e+01 6.052729747209220842e-07
2.927921999999999514e+01 5.238480773763535549e-07
2.933927999999999514e+01 4.503125865848771210e-07
2.939933999999999514e+01 3.844863119747264819e-07
2.945939999999999515e+01 3.270347812284977415e-07
2.951945999999999515e+01 2.764578199553252674e-07
2.957951999999999515e+01 2.331144663429191200e-07
2.963957999999999515e+01 1.960665047798478874e-07
2.969963999999999515e+01 1.647279090070956266e-07
2.975969999999999516e+01 1.383233330453715622e-07
2.981975999999999516e+01 1.164661834708748211e-07
2.987981999999999516e+01 9.795430003835748454e-08
2.993987999999999516e+01 8.288265150863910890e-08
2.999993999999999517e+01 7.020433492498520917e-08
