-2.000000000000000000e+02 2.000287145956790008e-47
-1.995996000000000095e+02 3.115110688212630714e-47
-1.991992000000000189e+02 4.846878187943538488e-47
-1.987988000000000000e+02 7.534565224023489912e-47
-1.983984000000000094e+02 1.170204445499091682e-46
-1.979980000000000189e+02 1.815819733432859700e-46
-1.975975999999999999e+02 2.815082623406016160e-46
-1.971972000000000094e+02 4.360306043626158705e-46
-1.967968000000000188e+02 6.747613484130886925e-46
-1.963964000000000283e+02 1.043255793629135334e-45
-1.959960000000000093e+02 1.611531435318409843e-45
-1.955955999999999904e+02 2.487104948020032690e-45
-1.951952000000000282e+02 3.834924166501833678e-45
-1.947948000000000093e+02 5.907813451085212945e-45
-1.943943999999999903e+02 9.092934758529541865e-45
-1.939939999999999998e+02 1.398262371567502725e-44
-1.935936000000000092e+02 2.148228849601099131e-44
-1.931932000000000187e+02 3.297461107744496986e-44
-1.927927999999999997e+02 5.056919811444708907e-44
-1.923924000000000092e+02 7.748179696500380077e-44
-1.919920000000000186e+02 1.186097849258040188e-43
-1.915915999999999997e+02 1.814047077040713343e-43
-1.911912000000000091e+02 2.771939668507904429e-43
-1.907908000000000186e+02 4.231810024606117917e-43
-1.903903999999999996e+02 6.454694703867361921e-43
-1.899900000000000091e+02 9.836314032820724480e-43
-1.895896000000000186e+02 1.497601223727939215e-42
-1.891892000000000280e+02 2.278070140544569029e-42
-1.887888000000000090e+02 3.462143663691775364e-42
-1.883883999999999901e+02 5.256905263050133416e-42
-1.879880000000000280e+02 7.974845367045207640e-42
-1.875876000000000090e+02 1.208708091551676569e-41
-1.871872000000000185e+02 1.830322462468246472e-41
-1.867867999999999995e+02 2.769113738165739795e-41
-1.863864000000000090e+02 4.185631265851552509e-41
-1.859860000000000184e+02 6.321033745904001004e-41
-1.855855999999999995e+02 9.537228862134183055e-41
-1.851852000000000089e+02 1.437683324880943921e-40
-1.847848000000000184e+02 2.165265643058332721e-40
-1.843843999999999994e+02 3.258112189625450366e-40
-1.839840000000000089e+02 4.898101351824859055e-40
-1.835836000000000183e+02 7.356925614137547558e-40
-1.831831999999999994e+02 1.104006955311279684e-39
-1.827828000000000088e+02 1.655213740715890347e-39
-1.823823999999999899e+02 2.479380419627273838e-39
-1.819820000000000277e+02 3.710556455504173609e-39
-1.815816000000000088e+02 5.548066962947275939e-39
-1.811811999999999898e+02 8.288025909525589032e-39
-1.807808000000000277e+02 1.236993001759300612e-38
-1.803804000000000087e+02 1.844548602572894872e-38
-1.799799999999999898e+02 2.748018565353246341e-38
-1.795795999999999992e+02 4.090306965035893789e-38
-1.791792000000000087e+02 6.082733672359804900e-38
-1.787788000000000181e+02 9.037500679245770891e-38
-1.783783999999999992e+02 1.341542717791818166e-37
-1.779780000000000371e+02 1.989606869301788049e-37
-1.775776000000000181e+02 2.948062047816810585e-37
-1.771771999999999991e+02 4.364279245116093576e-37
-1.767768000000000086e+02 6.454981241722680682e-37
-1.763764000000000181e+02 9.538585149491846035e-37
-1.759759999999999991e+02 1.408248961864557613e-36
-1.755756000000000085e+02 2.077214763381626619e-36
-1.751751999999999896e+02 3.061186736308852078e-36
-1.747748000000000275e+02 4.507177753638192059e-36
-1.743744000000000085e+02 6.630189925944484906e-36
-1.739739999999999895e+02 9.744367427942463851e-36
-1.735736000000000274e+02 1.430828926532086418e-35
-1.731732000000000085e+02 2.099075831969319630e-35
-1.727728000000000179e+02 3.076627236737562606e-35
-1.723723999999999990e+02 4.505343892896243337e-35
-1.719720000000000084e+02 6.591546257228193013e-35
-1.715716000000000179e+02 9.635026916130365906e-35
-1.711711999999999989e+02 1.407099499250723244e-34
-1.707708000000000084e+02 2.053065999520263944e-34
-1.703704000000000178e+02 2.992865615728209262e-34
-1.699699999999999989e+02 4.358908012443605541e-34
-1.695696000000000083e+02 6.342702621598582543e-34
-1.691692000000000178e+02 9.220981095082962912e-34
-1.687688000000000272e+02 1.339325156379773454e-33
-1.683684000000000083e+02 1.943573686117542334e-33
-1.679679999999999893e+02 2.817877188757023756e-33
-1.675676000000000272e+02 4.081775881941343627e-33
-1.671672000000000082e+02 5.907208072526262665e-33
-1.667667999999999893e+02 8.541248892080332180e-33
-1.663664000000000271e+02 1.233861627153259211e-32
-1.659660000000000082e+02 1.780809591339418876e-32
-1.655655999999999892e+02 2.567878300939853396e-32
-1.651651999999999987e+02 3.699451069543423608e-32
-1.647648000000000366e+02 5.324833244842684456e-32
-1.643644000000000176e+02 7.657386798089534239e-32
-1.639639999999999986e+02 1.100173001054581360e-31
-1.635636000000000081e+02 1.579236523824916130e-31
-1.631632000000000176e+02 2.264848465612074955e-31
-1.627627999999999986e+02 3.245165635224982469e-31
-1.623624000000000080e+02 4.645583912242791095e-31
-1.619620000000000175e+02 6.644303256080157468e-31
-1.615615999999999985e+02 9.494328483570698948e-31
-1.611612000000000080e+02 1.355453752918331067e-30
-1.607607999999999890e+02 1.933351290848546037e-30
-1.603604000000000269e+02 2.755132130854482229e-30
-1.599600000000000080e+02 3.922650852433671948e-30
-1.595596000000000174e+02 5.579848572972381282e-30
-1.591591999999999985e+02 7.929954240440141099e-30
-1.587588000000000079e+02 1.125963807395119560e-29
-1.583584000000000174e+02 1.597289491291062954e-29
-1.579579999999999984e+02 2.263853211487584494e-29
-1.575576000000000079e+02 3.205666145206449498e-29
-1.571572000000000173e+02 4.535171208512605024e-29
-1.567567999999999984e+02 6.410241975559276881e-29
-1.563563999999999794e+02 9.052331972740761242e-29
-1.559560000000000173e+02 1.277179101644018264e-28
-1.555555999999999983e+02 1.800314537245681392e-28
-1.551552000000000078e+02 2.535421665019992243e-28
-1.547548000000000172e+02 3.567444290638011508e-28
-1.543544000000000267e+02 5.014981865685381594e-28
-1.539540000000000077e+02 7.043469981094568615e-28
-1.535535999999999888e+02 9.883461449223996763e-28
-1.531532000000000266e+02 1.385595774111241913e-27
-1.527528000000000077e+02 1.940747652864360860e-27
-1.523523999999999887e+02 2.715855129454359878e-27
-1.519519999999999982e+02 3.797074423729143782e-27
-1.515516000000000076e+02 5.303915139264177511e-27
-1.511512000000000171e+02 7.401997602530653549e-27
-1.507507999999999981e+02 1.032062972191737945e-26
-1.503504000000000360e+02 1.437700106884276354e-26
-1.499500000000000171e+02 2.000945370055269167e-26
-1.495495999999999981e+02 2.782319143639548985e-26
-1.491492000000000075e+02 3.865301796206404125e-26
-1.487488000000000170e+02 5.364936576063393041e-26
-1.483483999999999980e+02 7.439614991381663340e-26
-1.479480000000000075e+02 1.030720659002949866e-25
-1.475476000000000170e+02 1.426711354517387719e-25
-1.471471999999999980e+02 1.973039758138440845e-25
-1.467468000000000075e+02 2.726089457173337779e-25
-1.463463999999999885e+02 3.763127057443706416e-25
-1.459460000000000264e+02 5.189937616908842260e-25
-1.455456000000000074e+02 7.151214987257341254e-25
-1.451452000000000169e+02 9.844687533424375169e-25
-1.447447999999999979e+02 1.354030375169186983e-24
-1.443444000000000074e+02 1.860626533477491335e-24
-1.439440000000000168e+02 2.554431776286336492e-24
-1.435435999999999979e+02 3.503754464742925429e-24
-1.431432000000000073e+02 4.801503400575759150e-24
-1.427428000000000168e+02 6.573928859262547144e-24
-1.423423999999999978e+02 8.992426641712880960e-24
-1.419420000000000073e+02 1.228946319236747828e-23
-1.415416000000000167e+02 1.678003992551084124e-23
-1.411412000000000262e+02 2.289059567916745938e-23
-1.407408000000000072e+02 3.119788748345269069e-23
-1.403403999999999883e+02 4.248124430738158833e-23
-1.399400000000000261e+02 5.779272588577269920e-23
-1.395396000000000072e+02 7.855123131451051957e-23
-1.391391999999999882e+02 1.066686115567874380e-22
-1.387388000000000261e+02 1.447185068671817353e-22
-1.383384000000000071e+02 1.961621659442541560e-22
-1.379379999999999882e+02 2.656501867886740542e-22
-1.375375999999999976e+02 3.594253158630900841e-22
-1.371372000000000355e+02 4.858596330845026981e-22
-1.367367999999999881e+02 6.561702663914131921e-22
-1.363363999999999976e+02 8.853720481694593906e-22
-1.359360000000000070e+02 1.193544329649129426e-21
-1.355356000000000165e+02 1.607513925073911646e-21
-1.351351999999999975e+02 2.163088715995365665e-21
-1.347348000000000070e+02 2.908019223659341114e-21
-1.343344000000000165e+02 3.905921604711724518e-21
-1.339339999999999975e+02 5.241469146338046145e-21
-1.335336000000000070e+02 7.027255771673991415e-21
-1.331331999999999880e+02 9.412861256441072617e-21
-1.327327999999999975e+02 1.259681281689472217e-20
-1.323324000000000069e+02 1.684235314919827104e-20
-1.319320000000000164e+02 2.249820603120846020e-20
-1.315316000000000258e+02 3.002589684948008409e-20
-1.311312000000000069e+02 4.003566224361832014e-20
-1.307308000000000163e+02 5.333360321905413997e-20
-1.303303999999999974e+02 7.098354182792403443e-20
-1.299300000000000068e+02 9.438808732607240946e-20
-1.295296000000000163e+02 1.253947737158163869e-19
-1.291291999999999973e+02 1.664348869838404084e-19
-1.287288000000000068e+02 2.207048730383126981e-19
-1.283284000000000162e+02 2.924031550867246204e-19
-1.279280000000000257e+02 3.870389826812602206e-19
-1.275275999999999925e+02 5.118348281291707094e-19
-1.271272000000000020e+02 6.762501518807820127e-19
-1.267268000000000256e+02 8.926624761779230006e-19
-1.263264000000000067e+02 1.177252145419878654e-18
-1.259260000000000019e+02 1.551150562421264941e-18
-1.255256000000000114e+02 2.041928900031000117e-18
-1.251252000000000066e+02 2.685526351088830659e-18
-1.247248000000000019e+02 3.528745235663772126e-18
-1.243244000000000113e+02 4.632476433382737766e-18
-1.239240000000000066e+02 6.075864807101799116e-18
-1.235235999999999876e+02 7.961683264572139727e-18
-1.231232000000000113e+02 1.042325932507605499e-17
-1.227228000000000208e+02 1.363339388968473579e-17
-1.223224000000000160e+02 1.781583387701798305e-17
-1.219219999999999970e+02 2.326001544430582422e-17
-1.215216000000000065e+02 3.033999143981409515e-17
-1.211212000000000018e+02 3.953870657000753005e-17
-1.207208000000000112e+02 5.147910039645444379e-17
-1.203204000000000065e+02 6.696391913865084290e-17
-1.199200000000000017e+02 8.702662422125501303e-17
-1.195196000000000112e+02 1.129964259741109751e-16
-1.191192000000000064e+02 1.465812791744360087e-16
-1.187188000000000159e+02 1.899736961013144697e-16
-1.183183999999999969e+02 2.459855160153223593e-16
-1.179180000000000064e+02 3.182193842979926648e-16
-1.175176000000000016e+02 4.112867231455182937e-16
-1.171172000000000111e+02 5.310845223377675184e-16
-1.167168000000000063e+02 6.851464720352551648e-16
-1.163164000000000016e+02 8.830879597905275424e-16
-1.159160000000000110e+02 1.137169459465021746e-15
-1.155156000000000063e+02 1.463009096425273896e-15
-1.151152000000000157e+02 1.880482985595651510e-15
-1.147147999999999968e+02 2.414861682895723051e-15
-1.143144000000000062e+02 3.098243230851174844e-15
-1.139140000000000015e+02 3.971358388714709914e-15
-1.135136000000000109e+02 5.085842422141918465e-15
-1.131132000000000204e+02 6.507091155936496602e-15
-1.127128000000000014e+02 8.317847933195630203e-15
-1.123124000000000109e+02 1.062270398599539228e-14
-1.119120000000000061e+02 1.355373911371697551e-14
-1.115116000000000156e+02 1.727758445366888892e-14
-1.111111999999999966e+02 2.200425692294757689e-14
-1.107108000000000061e+02 2.799819855302515370e-14
-1.103104000000000013e+02 3.559205702069705811e-14
-1.099100000000000108e+02 4.520387057867303472e-14
-1.095096000000000060e+02 5.735847663676501806e-14
-1.091092000000000013e+02 7.271415492289387308e-14
-1.087088000000000108e+02 9.209575133620149416e-14
-1.083084000000000060e+02 1.165358168455538492e-13
-1.079080000000000155e+02 1.473256486615957957e-13
-1.075075999999999965e+02 1.860785524295138450e-13
-1.071072000000000060e+02 2.348081712884207932e-13
-1.067068000000000012e+02 2.960253707688864067e-13
-1.063064000000000107e+02 3.728579523088010566e-13
-1.059060000000000059e+02 4.691984223546354657e-13
-1.055056000000000012e+02 5.898862043003207103e-13
-1.051052000000000106e+02 7.409320898127013174e-13
-1.047048000000000059e+02 9.297944358927106794e-13
-1.043044000000000153e+02 1.165718686031822322e-12
-1.039040000000000106e+02 1.460154301900020591e-12
-1.035036000000000058e+02 1.827266224429769625e-12
-1.031032000000000011e+02 2.284561645338410183e-12
-1.027028000000000105e+02 2.853657287730406786e-12
-1.023024000000000058e+02 3.561217717085668322e-12
-1.019020000000000010e+02 4.440101609641097150e-12
-1.015016000000000105e+02 5.530760605284449498e-12
-1.011012000000000057e+02 6.882944617329131700e-12
-1.007008000000000152e+02 8.557778558937117311e-12
-1.003004000000000104e+02 1.063028872688636358e-11
-9.990000000000000568e+01 1.319247297297976678e-11
-9.949960000000000093e+01 1.635702778149532565e-11
-9.909920000000001039e+01 2.026186803484752183e-11
-9.869880000000000564e+01 2.507560226822659682e-11
-9.829840000000000089e+01 3.100415838549581379e-11
-9.789800000000001035e+01 3.829879306960459327e-11
-9.749760000000000559e+01 4.726576356875329032e-11
-9.709720000000001505e+01 5.827799445886369455e-11
-9.669680000000001030e+01 7.178913587452223013e-11
-9.629640000000000555e+01 8.835048531593324627e-11
-9.589600000000000080e+01 1.086313345195225178e-10
-9.549560000000001025e+01 1.334434083996449552e-10
-9.509520000000000550e+01 1.637701874877373078e-10
-9.469480000000000075e+01 2.008020518149339923e-10
-9.429439999999999600e+01 2.459783565136138334e-10
-9.389400000000000546e+01 3.010377518432780924e-10
-9.349360000000001492e+01 3.680782978323135037e-10
-9.309320000000001016e+01 4.496292019851783910e-10
-9.269280000000000541e+01 5.487363341158339012e-10
-9.229240000000000066e+01 6.690640528995611916e-10
-9.189200000000001012e+01 8.150163228732973566e-10
-9.149160000000000537e+01 9.918806183137916621e-10
-9.109120000000000061e+01 1.205998713075191387e-09
-9.069079999999999586e+01 1.464969156085703937e-09
-9.029040000000000532e+01 1.777887045628665453e-09
-8.989000000000001478e+01 2.155627658664213169e-09
-8.948960000000001003e+01 2.611181583492683779e-09
-8.908920000000000528e+01 3.160050266812931648e-09
-8.868880000000000052e+01 3.820712344375999902e-09
-8.828840000000000998e+01 4.615172805890579749e-09
-8.788800000000000523e+01 5.569608981103569125e-09
-8.748760000000001469e+01 6.715129560552320754e-09
-8.708719999999999573e+01 8.088665421269337823e-09
-8.668680000000000518e+01 9.734013959506179621e-09
-8.628640000000001464e+01 1.170306198950342434e-08
-8.588600000000000989e+01 1.405721610554225980e-08
-8.548560000000000514e+01 1.686907378654595109e-08
-8.508520000000000039e+01 2.022437351799839589e-08
-8.468480000000000985e+01 2.422426789229593765e-08
-8.428440000000000509e+01 2.898797011160238596e-08
-8.388400000000001455e+01 3.465583165169466762e-08
-8.348359999999999559e+01 4.139291715581950814e-08
-8.308320000000000505e+01 4.939315202941886357e-08
-8.268280000000000030e+01 5.888412882621798691e-08
-8.228240000000000975e+01 7.013267049210446767e-08
-8.188200000000000500e+01 8.345126201677560143e-08
-8.148160000000000025e+01 9.920547719908674680e-08
-8.108120000000000971e+01 1.178225442393730685e-07
-8.068080000000000496e+01 1.398012129245438441e-07
-8.028040000000001442e+01 1.657231074786808166e-07
-7.987999999999999545e+01 1.962657729382006771e-07
-7.947960000000000491e+01 2.322176494176610863e-07
-7.907920000000000016e+01 2.744952381176265790e-07
-7.867880000000000962e+01 3.241627556636999718e-07
-7.827840000000001908e+01 3.824546096462465700e-07
-7.787800000000000011e+01 4.508010683594793498e-07
-7.747760000000002378e+01 5.308575420375350020e-07
-7.707720000000000482e+01 6.245379416891304431e-07
-7.667680000000000007e+01 7.340526352883755580e-07
-7.627640000000000953e+01 8.619515799459912468e-07
-7.587600000000000477e+01 1.011173273127664259e-06
-7.547559999999998581e+01 1.185100236376115345e-06
-7.507520000000000948e+01 1.387621821703075379e-06
-7.467480000000000473e+01 1.623205214215513601e-06
-7.427440000000001419e+01 1.896975594988676962e-06
-7.387400000000000944e+01 2.214806526044826376e-06
-7.347359999999999047e+01 2.583421724864769964e-06
-7.307320000000001414e+01 3.010509509450367731e-06
-7.267279999999999518e+01 3.504851316826798710e-06
-7.227240000000001885e+01 4.076465828237180217e-06
-7.187199999999999989e+01 4.736770373295130955e-06
-7.147159999999999513e+01 5.498761433099705886e-06
-7.107120000000000459e+01 6.377216218789860630e-06
-7.067079999999999984e+01 7.388917467111776627e-06
-7.027040000000002351e+01 8.552903768083083768e-06
-6.987000000000000455e+01 9.890747921416265552e-06
-6.946959999999999980e+01 1.142686600750225651e-05
-6.906920000000000925e+01 1.318886005480057085e-05
-6.866880000000000450e+01 1.520789738756035937e-05
-6.826840000000001396e+01 1.751912994484528541e-05
-6.786800000000000921e+01 2.016215707255036133e-05
-6.746760000000000446e+01 2.318153550290330910e-05
-6.706720000000001392e+01 2.662734044901542921e-05
-6.666680000000000916e+01 3.055578195321713078e-05
-6.626639999999999020e+01 3.502988083471601089e-05
-6.586600000000001387e+01 4.012020878173503275e-05
-6.546559999999999491e+01 4.590569732250520112e-05
-6.506520000000001858e+01 5.247452058472886144e-05
-6.466479999999999961e+01 5.992505691041300023e-05
-6.426439999999999486e+01 6.836693452782247971e-05
-6.386400000000001143e+01 7.792216658993436943e-05
-6.346359999999999957e+01 8.872638096381353222e-05
-6.306320000000001613e+01 1.009301501920464058e-04
-6.266280000000000427e+01 1.147004270396049814e-04
-6.226239999999999242e+01 1.302220909804981878e-04
-6.186200000000000898e+01 1.476996108614167308e-04
-6.146160000000000423e+01 1.673588287966388415e-04
-6.106120000000002079e+01 1.894488700919853244e-04
-6.066080000000000894e+01 2.142441836574883235e-04
-6.026039999999999708e+01 2.420467169399986537e-04
-5.986000000000001364e+01 2.731882288798397778e-04
-5.945960000000000178e+01 3.080327437607431737e-04
-5.905920000000001835e+01 3.469791480709547211e-04
-5.865880000000000649e+01 3.904639316168539921e-04
-5.825839999999999463e+01 4.389640731197494254e-04
-5.785800000000001120e+01 4.930000693737914908e-04
-5.745760000000000645e+01 5.531391057398473430e-04
-5.705719999999999459e+01 6.199983642896503885e-04
-5.665680000000001115e+01 6.942484642900912479e-04
-5.625639999999999930e+01 7.766170279233132467e-04
-5.585600000000001586e+01 8.678923621700774475e-04
-5.545560000000000400e+01 9.689272456388335619e-04
-5.505519999999999214e+01 1.080642806798873951e-03
-5.465480000000000871e+01 1.204032477574353607e-03
-5.425439999999999685e+01 1.340166003578059130e-03
-5.385400000000001342e+01 1.490193489415102528e-03
-5.345360000000000866e+01 1.655349454474488828e-03
-5.305319999999999681e+01 1.836956871459809746e-03
-5.265280000000001337e+01 2.036431156604022723e-03
-5.225240000000000151e+01 2.255284077081579162e-03
-5.185200000000001808e+01 2.495127537595384637e-03
-5.145160000000000622e+01 2.757677204499456042e-03
-5.105119999999999436e+01 3.044755922146463040e-03
-5.065080000000001093e+01 3.358296872456219013e-03
-5.025039999999999907e+01 3.700346425019628623e-03
-4.984999999999999432e+01 4.073066621422719025e-03
-4.944960000000001088e+01 4.478737233942008122e-03
-4.904919999999999902e+01 4.919757335370605715e-03
-4.864880000000001559e+01 5.398646313537363607e-03
-4.824840000000000373e+01 5.918044261135854169e-03
-4.784799999999999187e+01 6.480711668840118816e-03
-4.744760000000000844e+01 7.089528347419811125e-03
-4.704719999999999658e+01 7.747491502735889823e-03
-4.664680000000001314e+01 8.457712886172833941e-03
-4.624640000000000839e+01 9.223414942313245754e-03
-4.584599999999999653e+01 1.004792587555192532e-02
-4.544560000000001310e+01 1.093467355795906502e-02
-4.504520000000000124e+01 1.188717820209809518e-02
-4.464480000000001780e+01 1.290904372475931358e-02
-4.424440000000000595e+01 1.400394773075296258e-02
-4.384399999999999409e+01 1.517563005007358141e-02
-4.344360000000001065e+01 1.642787976697277288e-02
-4.304319999999999879e+01 1.776452068580225072e-02
-4.264280000000001536e+01 1.918939518596912350e-02
-4.224240000000001061e+01 2.070634642702289668e-02
-4.184199999999999875e+01 2.231919887478616554e-02
-4.144160000000001531e+01 2.403173713058721558e-02
-4.104120000000000346e+01 2.584768305804379523e-02
-4.064079999999999160e+01 2.777067121548570244e-02
-4.024040000000000816e+01 2.980422261697268649e-02
-3.983999999999999631e+01 3.195171686091757834e-02
-3.943960000000001287e+01 3.421636268251823654e-02
-3.903920000000000101e+01 3.660116700446897076e-02
-3.863879999999999626e+01 3.910890257965370792e-02
-3.823840000000001282e+01 4.174207433964588487e-02
-3.783800000000000097e+01 4.450288458368702182e-02
-3.743760000000001753e+01 4.739319716426734774e-02
-3.703720000000000567e+01 5.041450084731681491e-02
-3.663679999999999382e+01 5.356787204712307876e-02
-3.623640000000001038e+01 5.685393715825614452e-02
-3.583599999999999852e+01 6.027283472873679049e-02
-3.543560000000001509e+01 6.382417774021341417e-02
-3.503520000000000323e+01 6.750701628176164482e-02
-3.463479999999999848e+01 7.131980092378398250e-02
-3.423440000000001504e+01 7.526034711713606995e-02
-3.383400000000000318e+01 7.932580095968994049e-02
-3.343359999999999133e+01 8.351260668780637053e-02
-3.303320000000000789e+01 8.781647626331318124e-02
-3.263279999999999603e+01 9.223236143725840885e-02
-3.223240000000001260e+01 9.675442867964584304e-02
-3.183200000000000429e+01 1.013760373692736416e-01
-3.143159999999999243e+01 1.060897216393804493e-01
-3.103120000000000900e+01 1.108871762728387417e-01
-3.063079999999999714e+01 1.157592470348277891e-01
-3.023040000000001370e+01 1.206959258210902608e-01
-2.983000000000000540e+01 1.256863509858293648e-01
-2.942959999999999354e+01 1.307188131948525678e-01
-2.902920000000001011e+01 1.357807671266539062e-01
-2.862879999999999825e+01 1.408588493166157418e-01
-2.822840000000001481e+01 1.459389024074073671e-01
-2.782800000000000651e+01 1.510060060319899089e-01
-2.742759999999999465e+01 1.560445145144338519e-01
-2.702720000000001122e+01 1.610381015282082995e-01
-2.662679999999999936e+01 1.659698118018375912e-01
-2.622640000000001592e+01 1.708221199081164099e-01
-2.582600000000000762e+01 1.755769961157490899e-01
-2.542559999999999576e+01 1.802159792216284362e-01
-2.502520000000001232e+01 1.847202562185209507e-01
-2.462480000000000047e+01 1.890707485870516402e-01
-2.422439999999999216e+01 1.932482049331941953e-01
-2.382400000000000873e+01 1.972332996235325320e-01
-2.342359999999999687e+01 2.010067370009879228e-01
-2.302320000000001343e+01 2.045493606942038745e-01
-2.262280000000000157e+01 2.078422674650618196e-01
-2.222239999999999327e+01 2.108669249715828808e-01
-2.182200000000000983e+01 2.136052927585666006e-01
-2.142159999999999798e+01 2.160399457264732537e-01
-2.102120000000001454e+01 2.181541992710805677e-01
-2.062080000000000268e+01 2.199322352331344044e-01
-2.022039999999999438e+01 2.213592277493160176e-01
-1.982000000000001094e+01 2.224214680541517497e-01
-1.941959999999999908e+01 2.231064872476892502e-01
-1.901920000000001565e+01 2.234031760165573477e-01
-1.861880000000000379e+01 2.233019002770217643e-01
-1.821839999999999549e+01 2.227946116984272085e-01
-1.781800000000001205e+01 2.218749520644570095e-01
-1.741760000000000019e+01 2.205383504383591486e-01
-1.701720000000001676e+01 2.187821121169994387e-01
-1.661680000000000490e+01 2.166054983875328188e-01
-1.621639999999999660e+01 2.140097961397534332e-01
-1.581600000000001316e+01 2.109983764367833470e-01
-1.541560000000000130e+01 2.075767412066133188e-01
-1.501519999999999122e+01 2.037525572868568169e-01
-1.461480000000000778e+01 1.995356771346020186e-01
-1.421439999999999770e+01 1.949381456019645409e-01
-1.381400000000001427e+01 1.899741922752988255e-01
-1.341360000000000241e+01 1.846602089812700020e-01
-1.301319999999999233e+01 1.790147121753846438e-01
-1.261280000000000889e+01 1.730582900471291097e-01
-1.221239999999999881e+01 1.668135342996291959e-01
-1.181200000000001538e+01 1.603049566895762557e-01
-1.141160000000000352e+01 1.535588905438841356e-01
-1.101119999999999344e+01 1.466033776019444734e-01
-1.061080000000001000e+01 1.394680406650598836e-01
-1.021039999999999992e+01 1.321839426663905526e-01
-9.810000000000016485e+00 1.247834329041391382e-01
-9.409600000000006403e+00 1.172999813063356905e-01
-9.009199999999994546e+00 1.097680017161721949e-01
-8.608800000000011110e+00 1.022226653009215419e-01
-8.208400000000001029e+00 9.469970529386582958e-02
-7.808000000000017593e+00 8.723521437603382056e-02
-7.407600000000006624e+00 7.986543609174133473e-02
-7.007199999999996542e+00 7.262655176791026068e-02
-6.606800000000013107e+00 6.555446447083528028e-02
-6.206400000000002137e+00 5.868458158470114816e-02
-5.805999999999991168e+00 5.205159763292876995e-02
-5.405600000000007732e+00 4.568927898575332602e-02
-5.005199999999997651e+00 3.963025210490467992e-02
-4.604800000000014215e+00 3.390579696853424085e-02
-4.204400000000003246e+00 2.854564729649117921e-02
-3.803999999999992720e+00 2.357779915777790530e-02
-3.403600000000009285e+00 1.902832948864102355e-02
-3.003199999999998759e+00 1.492122598172999394e-02
-2.602800000000015324e+00 1.127822972457401436e-02
-2.202400000000004354e+00 8.118691869992655102e-03
-1.801999999999993829e+00 5.459445512858606547e-03
-1.401600000000010393e+00 3.314693827811950131e-03
-1.001199999999999868e+00 1.695915392275678399e-03
-6.008000000000163210e-01 6.117874796572265106e-04
-2.004000000000057402e-01 6.812796031606556651e-05
2.000000000000048683e-01 6.785629419659054630e-05
6.003999999999883874e-01 6.109739404768471226e-04
1.000799999999999024e+00 1.694564347774653876e-03
1.401200000000009549e+00 3.312812524991749774e-03
1.801599999999992985e+00 5.457044029419449820e-03
2.202000000000003510e+00 8.115783046913646256e-03
2.602399999999986946e+00 1.127482908039689931e-02
3.002799999999997915e+00 1.491735160925966239e-02
3.403200000000008441e+00 1.902400193491423155e-02
3.803599999999991876e+00 2.357304128829511292e-02
4.204000000000002402e+00 2.854048414482290158e-02
4.604399999999985837e+00 3.390025557253258798e-02
5.004799999999996807e+00 3.962436133085292522e-02
5.405200000000006888e+00 4.568306934186838059e-02
5.805599999999990324e+00 5.204510107371910360e-02
6.206000000000001293e+00 5.867783130773093075e-02
6.606399999999984729e+00 6.554749470749796081e-02
7.006799999999995698e+00 7.261939756984707450e-02
7.407200000000005780e+00 7.985813311454501018e-02
7.807599999999989215e+00 8.722779866189481202e-02
8.208000000000000185e+00 9.469221305479022521e-02
8.608399999999983621e+00 1.022151327041181945e-01
9.008799999999993702e+00 1.097604646731821787e-01
9.409200000000005559e+00 1.172924752673910609e-01
9.809599999999988995e+00 1.247759926591960611e-01
1.020999999999999908e+01 1.321766021541828651e-01
1.061040000000000916e+01 1.394608327914268198e-01
1.101079999999999259e+01 1.465963340685992600e-01
1.141120000000000267e+01 1.535520416886610728e-01
1.181159999999998611e+01 1.602983313390881903e-01
1.221199999999999797e+01 1.668071596351435038e-01
1.261240000000000805e+01 1.730521914843324571e-01
1.301279999999999148e+01 1.790089132585937215e-01
1.341320000000000157e+01 1.846547312924954332e-01
1.381359999999998500e+01 1.899690553584479913e-01
1.421399999999999686e+01 1.949333669023345650e-01
1.461440000000000694e+01 1.995312719536795065e-01
1.501479999999999038e+01 2.037485387523266245e-01
1.541520000000000046e+01 2.075731202573455336e-01
1.581559999999998389e+01 2.109951618224590875e-01
1.621599999999999397e+01 2.140069944346788544e-01
1.661640000000000583e+01 2.166031140180896819e-01
1.701679999999998927e+01 2.187801474020878156e-01
1.741720000000000113e+01 2.205368056421051770e-01
1.781760000000000943e+01 2.218738254603782323e-01
1.821799999999999287e+01 2.227938996441920783e-01
1.861840000000000472e+01 2.233015972988773024e-01
1.901879999999998816e+01 2.234032749024584819e-01
1.941920000000000002e+01 2.231069791481289089e-01
1.981960000000000832e+01 2.224223425896658946e-01
2.021999999999999176e+01 2.213604731236254453e-01
2.062040000000000362e+01 2.199338383508795125e-01
2.102079999999998705e+01 2.181561458591141922e-01
2.142119999999999891e+01 2.160422204576867566e-01
2.182160000000000721e+01 2.136078793772524520e-01
2.222199999999999065e+01 2.108698064193638422e-01
2.262240000000000251e+01 2.078454260064579728e-01
2.302279999999998594e+01 2.045527780409530927e-01
2.342319999999999780e+01 2.010103944342836735e-01
2.382360000000000610e+01 1.972371781134037716e-01
2.422399999999998954e+01 1.932522852543054892e-01
2.462440000000000140e+01 1.890750114302704454e-01
2.502479999999998483e+01 1.847246822976634228e-01
2.542519999999999669e+01 1.802205493748603171e-01
2.582560000000000500e+01 1.755816914011952279e-01
2.622599999999998843e+01 1.708269216932903067e-01
2.662640000000000029e+01 1.659747018465814739e-01
2.702680000000000859e+01 1.610430620609021035e-01
2.742719999999999558e+01 1.560495283012882928e-01
2.782760000000000389e+01 1.510110564393176147e-01
2.822799999999998732e+01 1.459439734568173941e-01
2.862839999999999918e+01 1.408639257331390504e-01
2.902880000000000749e+01 1.357858343798676592e-01
2.942919999999999092e+01 1.307238575331130526e-01
2.982960000000000278e+01 1.256913594637804055e-01
3.022999999999998622e+01 1.207008863206516236e-01
3.063039999999999807e+01 1.157641482799088295e-01
3.103080000000000638e+01 1.108920078380597196e-01
3.143119999999998981e+01 1.060944739531054781e-01
3.183160000000000167e+01 1.013807017112949155e-01
3.223199999999998511e+01 9.675899717387241583e-02
3.263239999999999696e+01 9.223682703977835462e-02
3.303280000000000882e+01 8.782083274621937941e-02
3.343319999999999226e+01 8.351684861916888747e-02
3.383360000000000412e+01 7.932992368007497908e-02
3.423399999999998755e+01 7.526434671306593549e-02
3.463439999999999230e+01 7.132367419852729540e-02
3.503480000000000416e+01 6.751076072384416815e-02
3.543519999999998760e+01 6.382779149001945040e-02
3.583559999999999945e+01 6.027631654356874202e-02
3.623600000000001131e+01 5.685728637620376252e-02
3.663639999999999475e+01 5.357108855007040871e-02
3.703680000000000661e+01 5.041758502340804027e-02
3.743719999999999004e+01 4.739614987012541469e-02
3.783760000000000190e+01 4.450570710666061636e-02
3.823800000000000665e+01 4.174476836034226451e-02
3.863839999999999009e+01 3.911147013498686431e-02
3.903880000000000194e+01 3.660361045143727815e-02
3.943919999999998538e+01 3.421868466289857552e-02
3.983959999999999724e+01 3.195392026704301641e-02
4.024000000000000909e+01 2.980631055874079921e-02
4.064039999999999253e+01 2.777264698871798401e-02
4.104080000000000439e+01 2.584955011430308328e-02
4.144119999999998782e+01 2.403349904853527980e-02
4.184159999999999258e+01 2.232085933314639434e-02
4.224200000000000443e+01 2.070790917919711552e-02
4.264239999999998787e+01 1.919086403633713314e-02
4.304279999999999973e+01 1.776589946772059309e-02
4.344319999999998316e+01 1.642917232247446957e-02
4.384359999999999502e+01 1.517684021125474333e-02
4.424400000000000688e+01 1.400507930282535347e-02
4.464439999999999031e+01 1.291010047073214845e-02
4.504479999999997375e+01 1.188816382904694588e-02
4.544520000000000692e+01 1.093559170483036566e-02
4.584559999999999036e+01 1.004878010244427723e-02
4.624599999999997380e+01 9.224208721171110043e-03
4.664640000000001407e+01 8.458449592824109076e-03
4.704679999999999751e+01 7.748174410201190757e-03
4.744719999999998095e+01 7.090160620417321549e-03
4.784760000000002123e+01 6.481296359409431142e-03
4.824800000000000466e+01 5.918584305303330531e-03
4.864839999999998810e+01 5.399144528943407989e-03
4.904880000000002127e+01 4.920216419782080450e-03
4.944920000000000471e+01 4.479159764573030673e-03
4.984959999999998814e+01 4.073455054987589266e-03
5.024999999999997158e+01 3.700703098445963686e-03
5.065040000000001186e+01 3.358624004186743991e-03
5.105079999999999529e+01 3.045055613962168936e-03
5.145119999999997873e+01 2.757951443798807838e-03
5.185160000000001901e+01 2.495378200068284341e-03
5.225200000000000244e+01 2.255512929720268102e-03
5.265239999999998588e+01 2.036639860996019083e-03
5.305280000000001905e+01 1.837146987312320012e-03
5.345320000000000249e+01 1.655522443323357608e-03
5.385359999999998593e+01 1.490350718474423063e-03
5.425399999999996936e+01 1.340308749691048948e-03
5.465440000000000964e+01 1.204161931229175185e-03
5.505479999999999308e+01 1.080760076176646208e-03
5.545519999999997651e+01 9.690333606644579382e-04
5.585560000000001679e+01 8.679882785398314836e-04
5.625600000000000023e+01 7.767036310862040268e-04
5.665639999999998366e+01 6.943265733627534270e-04
5.705680000000001684e+01 6.200687358875404519e-04
5.745720000000000027e+01 5.532024377100227749e-04
5.785759999999998371e+01 4.930570044167865767e-04
5.825800000000002399e+01 4.390152022905931956e-04
5.865840000000000742e+01 3.905097976971329959e-04
5.905879999999999086e+01 3.470202488056774170e-04
5.945919999999997430e+01 3.080695349556369792e-04
5.985960000000001457e+01 2.732211273561015543e-04
6.025999999999999801e+01 2.420761033449729646e-04
6.066039999999998145e+01 2.142704051309243525e-04
6.106080000000001462e+01 1.894722427886532138e-04
6.146119999999999806e+01 1.673796402670154292e-04
6.186159999999998149e+01 1.477181222929151855e-04
6.226200000000002177e+01 1.302385393024676151e-04
6.266240000000000521e+01 1.147150268958933920e-04
6.306279999999998864e+01 1.009430957853426014e-04
6.346319999999997208e+01 8.873784777644649804e-05
6.386360000000001236e+01 7.793231298604491684e-05
6.426399999999999579e+01 6.837590324206317010e-05
6.466439999999997212e+01 5.993297642847336259e-05
6.506480000000001951e+01 5.248150642107806091e-05
6.546519999999999584e+01 4.591185320077376591e-05
6.586559999999998638e+01 4.012562772313207264e-05
6.626600000000001955e+01 3.503464615983488417e-05
6.666639999999999588e+01 3.055996820248827226e-05
6.706679999999998643e+01 2.663101422692928599e-05
6.746720000000001960e+01 2.318475625099918107e-05
6.786760000000001014e+01 2.016497777599039117e-05
6.826799999999998647e+01 1.752159777720396465e-05
6.866839999999997701e+01 1.521005429827961266e-05
6.906880000000001019e+01 1.319074330354578635e-05
6.946920000000000073e+01 1.142850864944964857e-05
6.986959999999997706e+01 9.892179247288432212e-06
7.027000000000001023e+01 8.554149702537826172e-06
7.067040000000000077e+01 7.390000928877264775e-06
7.107079999999997710e+01 6.378157445728224594e-06
7.147120000000002449e+01 5.499578275179166003e-06
7.187160000000000082e+01 4.737478556251352465e-06
7.227199999999999136e+01 4.077079190509418747e-06
7.267239999999996769e+01 3.505382022172963005e-06
7.307280000000001507e+01 3.010968237465086235e-06
7.347319999999999141e+01 2.583817841455956527e-06
7.387359999999998195e+01 2.215148235763919463e-06
7.427400000000001512e+01 1.897270076957408652e-06
7.467439999999999145e+01 1.623458743249366658e-06
7.507479999999998199e+01 1.387839876096136008e-06
7.547520000000001517e+01 1.185287593686905073e-06
7.587560000000000571e+01 1.011334095187799562e-06
7.627599999999998204e+01 8.620894882034572688e-07
7.667640000000002942e+01 7.341707774965555707e-07
7.707680000000000575e+01 6.246390508582462955e-07
7.747719999999999629e+01 5.309439884781563215e-07
7.787759999999997262e+01 4.508749055684218594e-07
7.827800000000000580e+01 3.825176147113279861e-07
7.867839999999999634e+01 3.242164647966605450e-07
7.907879999999997267e+01 2.745409778629923375e-07
7.947920000000002005e+01 2.322565640291971130e-07
7.987959999999999638e+01 1.962988483634598864e-07
8.027999999999998693e+01 1.657511923456629173e-07
8.068040000000002010e+01 1.398250368824348163e-07
8.108080000000001064e+01 1.178427339671899337e-07
8.148119999999998697e+01 9.922257036157929676e-08
8.188159999999997751e+01 8.346571941597727243e-08
8.228200000000001069e+01 7.014488663494944367e-08
8.268239999999998702e+01 5.889444110357929436e-08
8.308279999999997756e+01 4.940184867941871834e-08
8.348320000000001073e+01 4.140024416416562454e-08
8.388360000000000127e+01 3.466199872379505556e-08
8.428399999999997760e+01 2.899315583517657385e-08
8.468440000000002499e+01 2.422862419493914432e-08
8.508480000000000132e+01 2.022802951144792691e-08
8.548519999999999186e+01 1.687213907813816580e-08
8.588560000000002503e+01 1.405978364737746145e-08
8.628600000000000136e+01 1.170521052700154642e-08
8.668639999999999191e+01 9.735810133238306703e-09
8.708679999999996824e+01 8.090165569079664278e-09
8.748720000000001562e+01 6.716381260926836180e-09
8.788759999999999195e+01 5.570652373421871246e-09
8.828799999999998249e+01 4.616041718523018895e-09
8.868840000000001567e+01 3.821435257494792905e-09
8.908880000000000621e+01 3.160651133201290411e-09
8.948919999999998254e+01 2.611680527501719237e-09
8.988960000000001571e+01 2.156041570735771463e-09
9.029000000000000625e+01 1.778230087418768793e-09
9.069039999999998258e+01 1.465253189149449079e-09
9.109080000000002997e+01 1.206233662273605226e-09
9.149120000000000630e+01 9.920747795390245090e-10
9.189159999999999684e+01 8.151766233334536093e-10
9.229199999999997317e+01 6.691962710328425852e-10
9.269240000000002055e+01 5.488452851896755216e-10
9.309279999999999688e+01 4.497188945620254054e-10
9.349319999999998743e+01 3.681520655296633526e-10
9.389360000000002060e+01 3.010983641673099306e-10
9.429399999999999693e+01 2.460281119877218203e-10
9.469439999999998747e+01 2.008428561459254865e-10
9.509480000000002065e+01 1.638036191020874204e-10
9.549520000000001119e+01 1.334707733307436500e-10
9.589559999999998752e+01 1.086537123263525348e-10
9.629599999999997806e+01 8.836876745705848589e-11
9.669640000000001123e+01 7.180405774235916952e-11
9.709680000000000177e+01 5.829016209277571441e-11
9.749719999999997810e+01 4.727567590688329180e-11
9.789760000000001128e+01 3.830686046461020365e-11
9.829800000000000182e+01 3.101071799497300917e-11
9.869839999999997815e+01 2.508093083365338752e-11
9.909880000000002553e+01 2.026619248085569710e-11
9.949920000000000186e+01 1.636053399788264730e-11
9.989959999999999241e+01 1.319531308329171662e-11
1.003000000000000256e+02 1.063258709800145124e-11
1.007004000000000161e+02 8.559636764462612641e-12
1.011007999999999925e+02 6.884445532597010574e-12
1.015011999999999830e+02 5.531971782319866764e-12
1.019016000000000162e+02 4.441078055773412886e-12
1.023019999999999925e+02 3.562004180173191949e-12
1.027023999999999830e+02 2.854290133631539643e-12
1.031028000000000162e+02 2.285070398769124860e-12
1.035032000000000068e+02 1.827674832234765172e-12
1.039035999999999831e+02 1.460482167661970216e-12
1.043040000000000163e+02 1.165981516524577710e-12
1.047044000000000068e+02 9.300049328752799445e-13
1.051047999999999831e+02 7.411005148338708482e-13
1.055051999999999737e+02 5.900208393461161940e-13
1.059056000000000068e+02 4.693059451566205585e-13
1.063059999999999974e+02 3.729437418064615163e-13
1.067063999999999737e+02 2.960937554673337112e-13
1.071068000000000211e+02 2.348626309783968566e-13
1.075071999999999974e+02 1.861218818585266905e-13
1.079075999999999880e+02 1.473600901961743455e-13
1.083080000000000211e+02 1.165631678889954266e-13
1.087083999999999975e+02 9.211745121624118921e-14
1.091087999999999880e+02 7.273135510095354537e-14
1.095092000000000212e+02 5.737209738216400052e-14
1.099096000000000117e+02 4.521464667027850754e-14
1.103099999999999881e+02 3.560057456270420743e-14
1.107103999999999786e+02 2.800492460230518790e-14
1.111108000000000118e+02 2.200956330721493015e-14
1.115112000000000023e+02 1.728176690000497983e-14
1.119115999999999786e+02 1.355703259517886440e-14
1.123120000000000118e+02 1.062529502153036750e-14
1.127124000000000024e+02 8.319884435699955299e-15
1.131127999999999787e+02 6.508690309215143752e-15
1.135132000000000261e+02 5.087096974907895679e-15
1.139136000000000024e+02 3.972341678654416159e-15
1.143139999999999930e+02 3.099013190933992438e-15
1.147143999999999693e+02 2.415464032878672238e-15
1.151148000000000167e+02 1.880953771873343527e-15
1.155151999999999930e+02 1.463376711247306954e-15
1.159155999999999835e+02 1.137456244627093650e-15
1.163160000000000167e+02 8.833114790285447937e-16
1.167163999999999930e+02 6.853205195492307446e-16
1.171167999999999836e+02 5.312199213648469028e-16
1.175172000000000168e+02 4.113919576553431381e-16
1.179176000000000073e+02 3.183010981824212984e-16
1.183179999999999836e+02 2.460489071722620414e-16
1.187184000000000310e+02 1.900228272322552475e-16
1.191188000000000073e+02 1.466193226526916238e-16
1.195191999999999979e+02 1.130258565767745279e-16
1.199195999999999742e+02 8.704937067434626395e-17
1.203200000000000074e+02 6.698148315835123698e-17
1.207203999999999979e+02 5.149265010494325401e-17
1.211207999999999743e+02 3.954914972924027181e-17
1.215212000000000216e+02 3.034803280646529351e-17
1.219215999999999980e+02 2.326620164419444458e-17
1.223219999999999885e+02 1.782058847996494135e-17
1.227224000000000217e+02 1.363704479764754692e-17
1.231228000000000122e+02 1.042606013694275239e-17
1.235231999999999886e+02 7.963829925805351503e-18
1.239235999999999791e+02 6.077508572028532600e-18
1.243240000000000123e+02 4.633733946788325765e-18
1.247243999999999886e+02 3.529706366146302399e-18
1.251247999999999791e+02 2.686260271536897898e-18
1.255252000000000123e+02 2.042488802815889106e-18
1.259256000000000029e+02 1.551577312257979836e-18
1.263259999999999792e+02 1.177577106454011846e-18
1.267264000000000266e+02 8.929096978232141410e-19
1.271268000000000029e+02 6.764380571968074746e-19
1.275271999999999935e+02 5.119775166714234849e-19
1.279276000000000266e+02 3.871472348693893211e-19
1.283280000000000030e+02 2.924852057133537031e-19
1.287283999999999935e+02 2.207670063988704063e-19
1.291287999999999840e+02 1.664818943148995524e-19
1.295292000000000030e+02 1.254303044546345077e-19
1.299295999999999935e+02 9.441491857329596476e-20
1.303299999999999841e+02 7.100378485916699808e-20
1.307304000000000315e+02 5.334886159722225210e-20
1.311307999999999936e+02 4.004715275691888970e-20
1.315311999999999841e+02 3.003454192502536580e-20
1.319316000000000315e+02 2.250470428312234305e-20
1.323319999999999936e+02 1.684723318222709811e-20
1.327323999999999842e+02 1.260047421983089348e-20
1.331328000000000316e+02 9.415605804965694806e-21
1.335332000000000221e+02 7.029311155824630445e-21
1.339335999999999842e+02 5.243006995962281540e-21
1.343339999999999748e+02 3.907071169869396877e-21
1.347344000000000221e+02 2.908877747268093901e-21
1.351348000000000127e+02 2.163729290863647914e-21
1.355351999999999748e+02 1.607991439642950038e-21
1.359356000000000222e+02 1.193899963020652238e-21
1.363360000000000127e+02 8.856366650893487042e-22
1.367363999999999749e+02 6.563669789136808428e-22
1.371368000000000222e+02 4.860057315885507753e-22
1.375372000000000128e+02 3.595337232725749571e-22
1.379376000000000033e+02 2.657305526621417730e-22
1.383379999999999654e+02 1.962216888256129599e-22
1.387384000000000128e+02 1.447625517912629948e-22
1.391388000000000034e+02 1.067011732886629612e-22
1.395391999999999939e+02 7.857528152621833176e-23
1.399396000000000129e+02 5.781047309853453803e-23
1.403400000000000034e+02 4.249432833096800132e-23
1.407403999999999940e+02 3.120752471861829049e-23
1.411408000000000129e+02 2.289768759602536903e-23
1.415412000000000035e+02 1.678525397224174408e-23
1.419415999999999940e+02 1.229329308299273450e-23
1.423420000000000414e+02 8.995237235327998284e-24
1.427424000000000035e+02 6.575989536782925155e-24
1.431427999999999940e+02 4.803012863213407637e-24
1.435431999999999846e+02 3.504859141254518924e-24
1.439436000000000035e+02 2.555239473064326557e-24
1.443439999999999941e+02 1.861216547210234273e-24
1.447443999999999846e+02 1.354460977611382200e-24
1.451448000000000320e+02 9.847827257732610795e-25
1.455451999999999941e+02 7.153502203672244647e-25
1.459455999999999847e+02 5.191602270141489553e-25
1.463460000000000321e+02 3.764337491490463032e-25
1.467463999999999942e+02 2.726968802326206414e-25
1.471467999999999847e+02 1.973677990122562267e-25
1.475471999999999753e+02 1.427174160280887276e-25
1.479476000000000226e+02 1.031055948548861909e-25
1.483479999999999848e+02 7.442041838294584526e-26
1.487483999999999753e+02 5.366691530803770967e-26
1.491488000000000227e+02 3.866569712795621774e-26
1.495492000000000132e+02 2.783234345145576541e-26
1.499495999999999754e+02 2.001605370305550606e-26
1.503500000000000227e+02 1.438175631342557987e-26
1.507504000000000133e+02 1.032405269163210726e-26
1.511507999999999754e+02 7.404459300367239259e-27
1.515512000000000228e+02 5.305683895455858091e-27
1.519516000000000133e+02 3.798344128629513913e-27
1.523520000000000039e+02 2.716765753811608803e-27
1.527523999999999660e+02 1.941400148219242129e-27
1.531528000000000134e+02 1.386062882138682824e-27
1.535532000000000039e+02 9.886802315035067013e-28
1.539535999999999945e+02 7.045857256795002510e-28
1.543540000000000134e+02 5.016686173422595877e-28
1.547544000000000040e+02 3.568659903804229658e-28
1.551547999999999945e+02 2.536287918045459430e-28
1.555552000000000135e+02 1.800931268802428034e-28
1.559556000000000040e+02 1.277617783489670426e-28
1.563559999999999945e+02 9.055449464289075321e-29
1.567563999999999851e+02 6.412455391767275497e-29
1.571568000000000040e+02 4.536741293319994982e-29
1.575571999999999946e+02 3.206778863958541244e-29
1.579575999999999851e+02 2.264641073241915081e-29
1.583580000000000041e+02 1.597846827156373250e-29
1.587583999999999946e+02 1.126357707747961415e-29
1.591587999999999852e+02 7.932735606805807968e-30
1.595592000000000326e+02 5.581810724403565940e-30
1.599595999999999947e+02 3.924033811680661353e-30
1.603599999999999852e+02 2.756105973581314963e-30
1.607604000000000326e+02 1.934036417547561100e-30
1.611608000000000231e+02 1.355935318707172808e-30
1.615611999999999853e+02 9.497710245809486728e-31
1.619615999999999758e+02 6.646675903829087060e-31
1.623620000000000232e+02 4.647247042464583317e-31
1.627623999999999853e+02 3.246330356691094675e-31
1.631627999999999759e+02 2.265663396501990131e-31
1.635632000000000232e+02 1.579806192576120502e-31
1.639636000000000138e+02 1.100570858025436513e-31
1.643639999999999759e+02 7.660162894495748378e-32
1.647644000000000233e+02 5.326768530836244249e-32
1.651648000000000138e+02 3.700798973164649298e-32
1.655652000000000044e+02 2.568816242204413767e-32
1.659655999999999665e+02 1.781461663413419452e-32
1.663660000000000139e+02 1.234314544290393919e-32
1.667664000000000044e+02 8.544391897559991434e-33
1.671667999999999665e+02 5.909387160648534767e-33
1.675672000000000139e+02 4.083285293797750280e-33
1.679676000000000045e+02 2.818921774434039897e-33
1.683679999999999950e+02 1.944295929812951556e-33
1.687684000000000140e+02 1.339824071737353145e-33
1.691688000000000045e+02 9.224424383825068239e-34
1.695691999999999950e+02 6.345076855523248759e-34
1.699696000000000140e+02 4.360543612433933349e-34
1.703700000000000045e+02 2.993991345775427381e-34
1.707703999999999951e+02 2.053840095867578778e-34
1.711707999999999856e+02 1.407631312820952174e-34
1.715712000000000046e+02 9.638677207095801792e-35
1.719715999999999951e+02 6.594049478605063844e-35
1.723719999999999857e+02 4.507058934958224846e-35
1.727724000000000331e+02 3.077801198815480510e-35
1.731727999999999952e+02 2.099878687069978725e-35
1.735731999999999857e+02 1.431377486507963633e-35
1.739736000000000331e+02 9.748112109927168711e-36
1.743739999999999952e+02 6.632743859983136890e-36
1.747743999999999858e+02 4.508917990468076552e-36
1.751747999999999763e+02 3.062371443465769720e-36
1.755752000000000237e+02 2.078020545598142790e-36
1.759755999999999858e+02 1.408796517668879271e-36
1.763759999999999764e+02 9.542302582667289009e-37
1.767764000000000237e+02 6.457502759650951015e-37
1.771768000000000143e+02 4.365988020932234450e-37
1.775771999999999764e+02 2.949218991682242817e-37
1.779776000000000238e+02 1.990389476228985677e-37
1.783780000000000143e+02 1.342071624798700460e-37
1.787783999999999764e+02 9.041071920722990004e-38
1.791788000000000238e+02 6.085142819954805109e-38
1.795792000000000144e+02 4.091930687963626444e-38
1.799796000000000049e+02 2.749111929412665181e-38
1.803799999999999670e+02 1.845284169255689839e-38
1.807804000000000144e+02 1.237487407745885800e-38
1.811808000000000050e+02 8.291345999373765145e-39
1.815811999999999955e+02 5.550294476868681688e-39
1.819816000000000145e+02 3.712049578281907188e-39
1.823820000000000050e+02 2.480380362403112951e-39
1.827823999999999955e+02 1.655882791887003169e-39
1.831828000000000145e+02 1.104454203008799726e-39
1.835832000000000050e+02 7.359912657385057467e-40
1.839835999999999956e+02 4.900094499854834989e-40
1.843839999999999861e+02 3.259440936555185364e-40
1.847844000000000051e+02 2.166150656152696230e-40
1.851847999999999956e+02 1.438272252402070502e-40
1.855851999999999862e+02 9.541144285800679291e-41
1.859856000000000051e+02 6.323634506994101121e-41
1.863859999999999957e+02 4.187357210921242193e-41
1.867863999999999862e+02 2.770258086706730122e-41
1.871868000000000336e+02 1.831080506683025553e-41
1.875871999999999957e+02 1.209209781787436242e-41
1.879875999999999863e+02 7.978162643601992532e-42
1.883880000000000337e+02 5.259096718552789310e-42
1.887884000000000242e+02 3.463590064335776509e-42
1.891887999999999863e+02 2.279023923494600377e-42
1.895891999999999769e+02 1.498229593850134633e-42
1.899896000000000242e+02 9.840450090143733706e-43
1.903899999999999864e+02 6.457414664677578619e-43
1.907903999999999769e+02 4.233597103990245339e-43
1.911908000000000243e+02 2.773112755363769111e-43
1.915912000000000148e+02 1.814816422939949435e-43
1.919915999999999769e+02 1.186601951110585091e-43
1.923920000000000243e+02 7.751479743640863683e-44
1.927924000000000149e+02 5.059078188019105450e-44
1.931927999999999770e+02 3.298871498793089475e-44
1.935932000000000244e+02 2.149149632278162396e-44
1.939936000000000149e+02 1.398862964247598145e-44
1.943940000000000055e+02 9.096848645239056063e-45
1.947943999999999676e+02 5.910361699783928816e-45
1.951948000000000150e+02 3.836581770326397618e-45
1.955952000000000055e+02 2.488182219248678141e-45
1.959955999999999960e+02 1.612230914506243323e-45
1.963960000000000150e+02 1.043709557560058846e-45
1.967964000000000055e+02 6.750554454216687144e-46
1.971967999999999961e+02 4.362210437285916243e-46
1.975972000000000151e+02 2.816314673463975044e-46
1.979976000000000056e+02 1.816616086229535648e-46
1.983979999999999961e+02 1.170718711978663014e-46
1.987983999999999867e+02 7.537883224923487807e-47
1.991988000000000056e+02 4.849016988939755604e-47
1.995991999999999962e+02 3.116488119280556684e-47
1.999995999999999867e+02 2.001173434246223969e-47
