-3.000000000000000000e+01 2.595714287809027163e-05
-2.993994000000000000e+01 2.566266532713242689e-05
-2.987988000000000000e+01 2.531307830685815261e-05
-2.981981999999999999e+01 2.491425484173325909e-05
-2.975975999999999999e+01 2.447887138028244938e-05
-2.969969999999999999e+01 2.400643751917558619e-05
-2.963963999999999999e+01 2.351012232796533699e-05
-2.957958000000000354e+01 2.299638979410227393e-05
-2.951952000000000353e+01 2.247430111362972943e-05
-2.945946000000000353e+01 2.194735491076341835e-05
-2.939940000000000353e+01 2.142689081837512817e-05
-2.933933999999999997e+01 2.091649225885529496e-05
-2.927927999999999997e+01 2.042362888149710379e-05
-2.921921999999999997e+01 1.995339554720346778e-05
-2.915915999999999997e+01 1.950958751034906498e-05
-2.909909999999999997e+01 1.910102422720870517e-05
-2.903903999999999996e+01 1.872447631853896188e-05
-2.897897999999999996e+01 1.839219602769808469e-05
-2.891891999999999996e+01 1.810191272519413885e-05
-2.885885999999999996e+01 1.785750055170734420e-05
-2.879879999999999995e+01 1.766194160095831229e-05
-2.873873999999999995e+01 1.751647969949043977e-05
-2.867868000000000350e+01 1.742268186207808175e-05
-2.861862000000000350e+01 1.738251067046401224e-05
-2.855856000000000350e+01 1.739448059754550435e-05
-2.849849999999999994e+01 1.745979937739451562e-05
-2.843843999999999994e+01 1.757952660666057998e-05
-2.837837999999999994e+01 1.774972920030315279e-05
-2.831831999999999994e+01 1.797633228577550298e-05
-2.825825999999999993e+01 1.824833181496212254e-05
-2.819819999999999993e+01 1.857131212655620134e-05
-2.813813999999999993e+01 1.894168136007154081e-05
-2.807807999999999993e+01 1.935667078710937960e-05
-2.801801999999999992e+01 1.981273112918670957e-05
-2.795795999999999992e+01 2.030763818930596409e-05
-2.789790000000000347e+01 2.083819456951679165e-05
-2.783784000000000347e+01 2.140048488044985636e-05
-2.777778000000000347e+01 2.198891684825288401e-05
-2.771772000000000347e+01 2.260152453522198881e-05
-2.765766000000000346e+01 2.323269874334157591e-05
-2.759759999999999991e+01 2.387656528630239996e-05
-2.753753999999999991e+01 2.452962125755424932e-05
-2.747747999999999990e+01 2.518365299669933171e-05
-2.741741999999999990e+01 2.583862492463142370e-05
-2.735735999999999990e+01 2.648453149174158778e-05
-2.729729999999999990e+01 2.711721250878106456e-05
-2.723723999999999990e+01 2.772895298721982094e-05
-2.717717999999999989e+01 2.831695754290063365e-05
-2.711711999999999989e+01 2.887174606236073658e-05
-2.705705999999999989e+01 2.938893170999281207e-05
-2.699699999999999989e+01 2.985977468982700396e-05
-2.693694000000000344e+01 3.028305609039854548e-05
-2.687688000000000343e+01 3.065003459535588329e-05
-2.681682000000000343e+01 3.095852595718887751e-05
-2.675675999999999988e+01 3.120624465778673183e-05
-2.669669999999999987e+01 3.138635576330527706e-05
-2.663663999999999987e+01 3.149799531230449199e-05
-2.657657999999999987e+01 3.154605340784980390e-05
-2.651651999999999987e+01 3.152668152847950785e-05
-2.645645999999999987e+01 3.144864623656821290e-05
-2.639639999999999986e+01 3.130958490513879633e-05
-2.633633999999999986e+01 3.111837380846920029e-05
-2.627627999999999986e+01 3.088411542526740491e-05
-2.621621999999999986e+01 3.061217134223416752e-05
-2.615616000000000341e+01 3.031011806839815337e-05
-2.609610000000000340e+01 2.999170248050402529e-05
-2.603604000000000340e+01 2.966376509690111439e-05
-2.597598000000000340e+01 2.933824483896253942e-05
-2.591592000000000340e+01 2.902051605278681357e-05
-2.585585999999999984e+01 2.872452980968694800e-05
-2.579579999999999984e+01 2.845393659250798025e-05
-2.573573999999999984e+01 2.822143870513521761e-05
-2.567567999999999984e+01 2.803270351687757502e-05
-2.561561999999999983e+01 2.789257759130615678e-05
-2.555555999999999983e+01 2.780589014551215949e-05
-2.549549999999999983e+01 2.777722800119046979e-05
-2.543543999999999983e+01 2.781131551416180973e-05
-2.537537999999999982e+01 2.790782394756023056e-05
-2.531531999999999982e+01 2.806999328016933538e-05
-2.525525999999999982e+01 2.829895440189395063e-05
-2.519519999999999982e+01 2.859042089276825875e-05
-2.513514000000000337e+01 2.894946856709111320e-05
-2.507508000000000337e+01 2.937274835451977740e-05
-2.501502000000000336e+01 2.985467784351600654e-05
-2.495495999999999981e+01 3.039641014962222057e-05
-2.489489999999999981e+01 3.099303517580403479e-05
-2.483483999999999980e+01 3.164428697444587895e-05
-2.477477999999999980e+01 3.233991890312837612e-05
-2.471471999999999980e+01 3.308217043129593364e-05
-2.465465999999999980e+01 3.386473817313468483e-05
-2.459459999999999980e+01 3.468179436742833114e-05
-2.453454000000000335e+01 3.553051766902213062e-05
-2.447448000000000334e+01 3.640501063681631237e-05
-2.441442000000000334e+01 3.730154972442531702e-05
-2.435436000000000334e+01 3.821325117984866406e-05
-2.429430000000000334e+01 3.913831301604712716e-05
-2.423424000000000333e+01 4.007152805637330276e-05
-2.417418000000000333e+01 4.100071403344418818e-05
-2.411411999999999978e+01 4.193324404195777769e-05
-2.405405999999999977e+01 4.285178527342613263e-05
-2.399399999999999977e+01 4.376098103787305686e-05
-2.393393999999999977e+01 4.465429023407794428e-05
-2.387387999999999977e+01 4.552765928043188263e-05
-2.381381999999999977e+01 4.637166131146957490e-05
-2.375375999999999976e+01 4.719048661011605308e-05
-2.369369999999999976e+01 4.798151012817375265e-05
-2.363363999999999976e+01 4.873710155425943854e-05
-2.357357999999999976e+01 4.945846420288914699e-05
-2.351351999999999975e+01 5.014875345212301390e-05
-2.345346000000000330e+01 5.080637260934432688e-05
-2.339340000000000330e+01 5.143253375255743635e-05
-2.333334000000000330e+01 5.203110735156771607e-05
-2.327328000000000330e+01 5.260195386173336019e-05
-2.321321999999999974e+01 5.315197460785055260e-05
-2.315315999999999974e+01 5.368612882664399426e-05
-2.309309999999999974e+01 5.420893997420764152e-05
-2.303303999999999974e+01 5.472099836131612152e-05
-2.297297999999999973e+01 5.523849343257929649e-05
-2.291291999999999973e+01 5.576275322978193808e-05
-2.285285999999999973e+01 5.629699855533741370e-05
-2.279280000000000328e+01 5.685736426909710590e-05
-2.273274000000000328e+01 5.744065603995207088e-05
-2.267268000000000328e+01 5.805843691816391946e-05
-2.261262000000000327e+01 5.871407244022670325e-05
-2.255256000000000327e+01 5.941712565938468921e-05
-2.249250000000000327e+01 6.016403907168504407e-05
-2.243244000000000327e+01 6.096721866325158245e-05
-2.237237999999999971e+01 6.182572655765733872e-05
-2.231231999999999971e+01 6.274026273601251069e-05
-2.225225999999999971e+01 6.371531946323129552e-05
-2.219219999999999970e+01 6.475332144341479509e-05
-2.213213999999999970e+01 6.584374461495412728e-05
-2.207207999999999970e+01 6.699159082780951088e-05
-2.201201999999999970e+01 6.818976147923458777e-05
-2.195195999999999970e+01 6.944005912095324942e-05
-2.189189999999999969e+01 7.072450610794821658e-05
-2.183183999999999969e+01 7.204740967173788166e-05
-2.177177999999999969e+01 7.339494090115001137e-05
-2.171171999999999969e+01 7.476155272255964092e-05
-2.165166000000000324e+01 7.613548516440480100e-05
-2.159160000000000323e+01 7.751487328573142483e-05
-2.153154000000000323e+01 7.887780766395727694e-05
-2.147147999999999968e+01 8.022732888569563065e-05
-2.141141999999999967e+01 8.154334621079279701e-05
-2.135135999999999967e+01 8.282338746279642883e-05
-2.129129999999999967e+01 8.406165355195630777e-05
-2.123124000000000322e+01 8.524882301174989093e-05
-2.117118000000000322e+01 8.638023545908134660e-05
-2.111112000000000322e+01 8.745221497213295184e-05
-2.105106000000000321e+01 8.846113621776535815e-05
-2.099100000000000321e+01 8.940921585852357135e-05
-2.093094000000000321e+01 9.029023991301484699e-05
-2.087088000000000321e+01 9.111224217578542492e-05
-2.081082000000000320e+01 9.187120756411972942e-05
-2.075076000000000320e+01 9.257391978205292660e-05
-2.069070000000000320e+01 9.322263765986721980e-05
-2.063063999999999965e+01 9.381849512703603904e-05
-2.057057999999999964e+01 9.436946084848765748e-05
-2.051051999999999964e+01 9.487752875509312901e-05
-2.045045999999999964e+01 9.533484906257725061e-05
-2.039039999999999964e+01 9.575543177430830390e-05
-2.033033999999999963e+01 9.613562248813132670e-05
-2.027027999999999963e+01 9.647623841542309444e-05
-2.021021999999999963e+01 9.677739198615407847e-05
-2.015015999999999963e+01 9.703266510479250501e-05
-2.009009999999999962e+01 9.723732188144148115e-05
-2.003003999999999962e+01 9.739685072036412250e-05
-1.996997999999999962e+01 9.750762918116086633e-05
-1.990992000000000317e+01 9.755599157966464722e-05
-1.984986000000000317e+01 9.754657002064057007e-05
-1.978980000000000317e+01 9.747481504487868370e-05
-1.972973999999999961e+01 9.733364181286711925e-05
-1.966967999999999961e+01 9.713227461309497713e-05
-1.960961999999999961e+01 9.686139327121159610e-05
-1.954955999999999960e+01 9.651963816408783300e-05
-1.948950000000000315e+01 9.612100166983340345e-05
-1.942944000000000315e+01 9.565898487286454818e-05
-1.936938000000000315e+01 9.513885894868214226e-05
-1.930932000000000315e+01 9.457102544591725068e-05
-1.924926000000000315e+01 9.395911726821273152e-05
-1.918920000000000314e+01 9.331518504969893608e-05
-1.912914000000000314e+01 9.264021761909533182e-05
-1.906908000000000314e+01 9.195605275862899343e-05
-1.900902000000000314e+01 9.126426197077992038e-05
-1.894896000000000313e+01 9.057855606334085281e-05
-1.888890000000000313e+01 8.990640328179870533e-05
-1.882883999999999958e+01 8.926075941180006872e-05
-1.876877999999999957e+01 8.865404528882495864e-05
-1.870871999999999957e+01 8.810078775337731351e-05
-1.864865999999999957e+01 8.761304186302447026e-05
-1.858859999999999957e+01 8.719749476225181035e-05
-1.852853999999999957e+01 8.686600869779148820e-05
-1.846847999999999956e+01 8.663875295727803600e-05
-1.840841999999999956e+01 8.651831887165251274e-05
-1.834835999999999956e+01 8.652297711935746775e-05
-1.828829999999999956e+01 8.667098144149345922e-05
-1.822824000000000311e+01 8.696911388171737036e-05
-1.816818000000000310e+01 8.742926966004474748e-05
-1.810812000000000310e+01 8.806112514479241978e-05
-1.804806000000000310e+01 8.888652517938594390e-05
-1.798799999999999955e+01 8.991590233882935685e-05
-1.792793999999999954e+01 9.115252365717957340e-05
-1.786787999999999954e+01 9.261741393165346401e-05
-1.780782000000000309e+01 9.430582028098847809e-05
-1.774776000000000309e+01 9.623724908191410481e-05
-1.768770000000000309e+01 9.842080458621144058e-05
-1.762764000000000308e+01 1.008447817120820540e-04
-1.756758000000000308e+01 1.035287823769589431e-04
-1.750752000000000308e+01 1.064673457540184697e-04
-1.744746000000000308e+01 1.096603364373536203e-04
-1.738740000000000308e+01 1.131014958498071098e-04
-1.732734000000000307e+01 1.167931536817903344e-04
-1.726728000000000307e+01 1.207223680044545197e-04
-1.720722000000000307e+01 1.248801898053466348e-04
-1.714716000000000307e+01 1.292630050868094583e-04
-1.708709999999999951e+01 1.338555721959207431e-04
-1.702703999999999951e+01 1.386527503874935836e-04
-1.696697999999999951e+01 1.436417641664244633e-04
-1.690691999999999950e+01 1.488180103319820390e-04
-1.684685999999999950e+01 1.541570818557250059e-04
-1.678679999999999950e+01 1.596796252593509413e-04
-1.672673999999999950e+01 1.653581287638396496e-04
-1.666667999999999950e+01 1.711938718708900587e-04
-1.660661999999999949e+01 1.771946079894940753e-04
-1.654656000000000304e+01 1.833449203788948135e-04
-1.648650000000000304e+01 1.896536115312997693e-04
-1.642644000000000304e+01 1.961227265165261017e-04
-1.636638000000000304e+01 2.027465848457836320e-04
-1.630632000000000303e+01 2.095193332024755098e-04
-1.624625999999999948e+01 2.164488171284558804e-04
-1.618619999999999948e+01 2.235077681863371728e-04
-1.612613999999999947e+01 2.307024386704033074e-04
-1.606608000000000303e+01 2.380181360092252008e-04
-1.600602000000000302e+01 2.454185703090613294e-04
-1.594596000000000302e+01 2.528894290178137442e-04
-1.588590000000000302e+01 2.604086603927368107e-04
-1.582584000000000302e+01 2.679340994909719929e-04
-1.576578000000000301e+01 2.754318591873742682e-04
-1.570572000000000301e+01 2.828701420518403499e-04
-1.564566000000000301e+01 2.902072380132847624e-04
-1.558560000000000123e+01 2.973925671595428560e-04
-1.552554000000000123e+01 3.043998816703422680e-04
-1.546548000000000123e+01 3.111980634289959399e-04
-1.540542000000000122e+01 3.177389160215114911e-04
-1.534536000000000122e+01 3.240041570745535830e-04
-1.528530000000000122e+01 3.299730846936513502e-04
-1.522524000000000299e+01 3.356249770222981591e-04
-1.516518000000000121e+01 3.409527178059162120e-04
-1.510512000000000121e+01 3.459647099112744969e-04
-1.504506000000000121e+01 3.506549729114176559e-04
-1.498500000000000121e+01 3.550354245630783431e-04
-1.492494000000000121e+01 3.591140498878647312e-04
-1.486488000000000120e+01 3.629019348907855554e-04
-1.480482000000000298e+01 3.664216435907321611e-04
-1.474476000000000298e+01 3.696921678339553079e-04
-1.468470000000000120e+01 3.727286145421185954e-04
-1.462464000000000119e+01 3.755305439363976639e-04
-1.456458000000000119e+01 3.781267610334425951e-04
-1.450452000000000119e+01 3.805073141961758934e-04
-1.444446000000000119e+01 3.826868210313093201e-04
-1.438440000000000119e+01 3.846530130664512870e-04
-1.432434000000000118e+01 3.863999002734534944e-04
-1.426427999999999940e+01 3.879339730741806136e-04
-1.420421999999999940e+01 3.892252950534025964e-04
-1.414416000000000295e+01 3.902642823033383962e-04
-1.408410000000000295e+01 3.910469396935287016e-04
-1.402404000000000295e+01 3.915490279149731636e-04
-1.396398000000000295e+01 3.917694091393541600e-04
-1.390392000000000294e+01 3.916878065904944202e-04
-1.384386000000000116e+01 3.913110705390736950e-04
-1.378380000000000116e+01 3.906328875426274693e-04
-1.372374000000000116e+01 3.896378169493450562e-04
-1.366368000000000116e+01 3.883441043465952146e-04
-1.360362000000000116e+01 3.867620447088911248e-04
-1.354356000000000115e+01 3.849015204982028540e-04
-1.348350000000000115e+01 3.827681181792732981e-04
-1.342344000000000115e+01 3.803962507634048003e-04
-1.336337999999999937e+01 3.777792651617656620e-04
-1.330332000000000292e+01 3.749564684879148771e-04
-1.324326000000000292e+01 3.719265521739694878e-04
-1.318320000000000292e+01 3.687161120778400625e-04
-1.312314000000000291e+01 3.653328359428174681e-04
-1.306308000000000291e+01 3.617873224904825848e-04
-1.300302000000000291e+01 3.581045651820801584e-04
-1.294296000000000113e+01 3.542951757891306700e-04
-1.288290000000000113e+01 3.503571749031445188e-04
-1.282284000000000113e+01 3.463070417125370870e-04
-1.276278000000000112e+01 3.421646954911169536e-04
-1.270272000000000112e+01 3.379323621621954047e-04
-1.264266000000000112e+01 3.336253202678109066e-04
-1.258260000000000112e+01 3.292707327704157399e-04
-1.252253999999999934e+01 3.248743153935169199e-04
-1.246248000000000289e+01 3.204581052349837322e-04
-1.240242000000000289e+01 3.160662976342440661e-04
-1.234236000000000288e+01 3.117106634490995681e-04
-1.228230000000000288e+01 3.074249297646619518e-04
-1.222224000000000288e+01 3.032361135195373795e-04
-1.216218000000000288e+01 2.991724602985383814e-04
-1.210212000000000110e+01 2.952746941938598317e-04
-1.204206000000000110e+01 2.915769268101428341e-04
-1.198200000000000109e+01 2.880986798135328104e-04
-1.192194000000000109e+01 2.848619902363178254e-04
-1.186188000000000109e+01 2.819031887420398613e-04
-1.180182000000000109e+01 2.792306872990097462e-04
-1.174176000000000109e+01 2.768642937584890346e-04
-1.168170000000000108e+01 2.748204053744647915e-04
-1.162164000000000286e+01 2.731008767371014001e-04
-1.156158000000000285e+01 2.717203406101582766e-04
-1.150152000000000285e+01 2.706768940961745609e-04
-1.144146000000000285e+01 2.699833455742362801e-04
-1.138140000000000285e+01 2.696386533345430372e-04
-1.132134000000000285e+01 2.696421035580152492e-04
-1.126128000000000284e+01 2.700010534742103220e-04
-1.120122000000000106e+01 2.707241000562801204e-04
-1.114116000000000106e+01 2.718287651642389900e-04
-1.108110000000000106e+01 2.733232589869913159e-04
-1.102104000000000106e+01 2.752283340566717305e-04
-1.096098000000000106e+01 2.775657024028241261e-04
-1.090092000000000105e+01 2.803665509163643862e-04
-1.084086000000000105e+01 2.836706032232211836e-04
-1.078080000000000105e+01 2.875116260191982369e-04
-1.072074000000000282e+01 2.919304170104938226e-04
-1.066068000000000282e+01 2.969846150669081322e-04
-1.060062000000000282e+01 3.027214057715714988e-04
-1.054056000000000282e+01 3.091864555872823948e-04
-1.048050000000000281e+01 3.164436757948282117e-04
-1.042044000000000281e+01 3.245458230938813322e-04
-1.036038000000000281e+01 3.335560943827514408e-04
-1.030032000000000103e+01 3.435239769404916494e-04
-1.024026000000000103e+01 3.545236657588699968e-04
-1.018020000000000103e+01 3.666052900111563023e-04
-1.012014000000000102e+01 3.798316527243656218e-04
-1.006008000000000102e+01 3.942818530981279622e-04
-1.000002000000000102e+01 4.100050599504082060e-04
-9.939960000000001017e+00 4.270811375091254506e-04
-9.879900000000002791e+00 4.455961841217875126e-04
-9.819840000000002789e+00 4.656160097422082020e-04
-9.759780000000002786e+00 4.872563194920779064e-04
-9.699720000000002784e+00 5.106053206998203454e-04
-9.639660000000002782e+00 5.357854290974786802e-04
-9.579600000000002780e+00 5.629380806141256414e-04
-9.519540000000002777e+00 5.921991357283802083e-04
-9.459480000000000999e+00 6.237318738631729940e-04
-9.399420000000000996e+00 6.577358452158324400e-04
-9.339360000000000994e+00 6.943940880516883156e-04
-9.279300000000000992e+00 7.339313330128481496e-04
-9.219240000000000990e+00 7.765917266311836951e-04
-9.159180000000000987e+00 8.226253841125056969e-04
-9.099120000000000985e+00 8.723262081633254266e-04
-9.039060000000002759e+00 9.259565935998694767e-04
-8.979000000000002757e+00 9.838477204615224056e-04
-8.918940000000002755e+00 1.046328668001050106e-03
-8.858880000000002752e+00 1.113731548104882627e-03
-8.798820000000002750e+00 1.186433002519533169e-03
-8.738760000000002748e+00 1.264795152267031214e-03
-8.678700000000002746e+00 1.349216566587955243e-03
-8.618640000000002743e+00 1.440144781991831288e-03
-8.558580000000000965e+00 1.537997999614082196e-03
-8.498520000000000962e+00 1.643281968125993343e-03
-8.438460000000000960e+00 1.756491262946449118e-03
-8.378400000000000958e+00 1.878164006569286223e-03
-8.318340000000000956e+00 2.008941361993055955e-03
-8.258280000000000953e+00 2.149443409098909276e-03
-8.198220000000004504e+00 2.300432551553359666e-03
-8.138160000000002725e+00 2.462644845464159130e-03
-8.078100000000002723e+00 2.636964207267834728e-03
-8.018040000000002721e+00 2.824322671012450669e-03
-7.957980000000002718e+00 3.025750095340670916e-03
-7.897920000000002716e+00 3.242331923209905865e-03
-7.837860000000001826e+00 3.475289119236773128e-03
-7.777800000000001823e+00 3.725912168636503260e-03
-7.717740000000001821e+00 3.995568209109189722e-03
-7.657680000000001819e+00 4.285764056544337855e-03
-7.597620000000000928e+00 4.598030798340270973e-03
-7.537560000000000926e+00 4.934118147829689820e-03
-7.477500000000000924e+00 5.295775853001046495e-03
-7.417440000000000921e+00 5.684829240215401140e-03
-7.357380000000003584e+00 6.103378030419427842e-03
-7.297320000000003581e+00 6.553479746616622768e-03
-7.237260000000003579e+00 7.037461668714072027e-03
-7.177200000000002689e+00 7.557641605633465612e-03
-7.117140000000002686e+00 8.116729138049318115e-03
-7.057080000000002684e+00 8.717489556069399001e-03
-6.997020000000002682e+00 9.362981021675631163e-03
-6.936960000000001791e+00 1.005649690261014098e-02
-6.876900000000001789e+00 1.080166237645737402e-02
-6.816840000000001787e+00 1.160254994622064890e-02
-6.756780000000001785e+00 1.246343869626513265e-02
-6.696720000000000894e+00 1.338930095707943635e-02
-6.636660000000000892e+00 1.438543819984302100e-02
-6.576600000000000890e+00 1.545773516247749696e-02
-6.516540000000000887e+00 1.661265731207522620e-02
-6.456480000000003550e+00 1.785734692194076295e-02
-6.396420000000003547e+00 1.919964030378621886e-02
-6.336360000000003545e+00 2.064816248336959897e-02
-6.276300000000002655e+00 2.221204934220214616e-02
-6.216240000000002652e+00 2.390156714636829452e-02
-6.156180000000002650e+00 2.572763806221876198e-02
-6.096120000000002648e+00 2.770202866365992916e-02
-6.036060000000001757e+00 2.983759770175675383e-02
-5.976000000000001755e+00 3.214805460232036255e-02
-5.915940000000001753e+00 3.464800559103084487e-02
-5.855880000000000862e+00 3.735326621115346579e-02
-5.795820000000000860e+00 4.028059941564592072e-02
-5.735760000000000858e+00 4.344800917327225342e-02
-5.675700000000000855e+00 4.687438939748947431e-02
-5.615640000000003518e+00 5.058012776116357911e-02
-5.555580000000003515e+00 5.458664726567830083e-02
-5.495520000000003513e+00 5.891662814659569952e-02
-5.435460000000002623e+00 6.359392397558999432e-02
-5.375400000000002620e+00 6.864352256189190649e-02
-5.315340000000002618e+00 7.409177886656674594e-02
-5.255280000000002616e+00 7.996583645712455890e-02
-5.195220000000001725e+00 8.629414123193254738e-02
-5.135160000000001723e+00 9.310539765763761744e-02
-5.075100000000001721e+00 1.004287817439969699e-01
-5.015040000000001719e+00 1.082939239304673701e-01
-4.954980000000000828e+00 1.167297048373115709e-01
-4.894920000000000826e+00 1.257644919688566121e-01
-4.834860000000000824e+00 1.354248374211635964e-01
-4.774800000000003486e+00 1.457353074277028815e-01
-4.714740000000003484e+00 1.567171122219608026e-01
-4.654680000000003481e+00 1.683874327107603708e-01
-4.594620000000003479e+00 1.807585178290378458e-01
-4.534560000000002589e+00 1.938361448898144879e-01
-4.474500000000002586e+00 2.076180404014290604e-01
-4.414440000000002584e+00 2.220936825771265277e-01
-4.354380000000002582e+00 2.372412854155410977e-01
-4.294320000000001691e+00 2.530273953795327824e-01
-4.234260000000001689e+00 2.694058374430741143e-01
-4.174200000000001687e+00 2.863144827406267634e-01
-4.114140000000000796e+00 3.036755627847461114e-01
-4.054080000000000794e+00 3.213931176464180361e-01
-3.994020000000000792e+00 3.393530795254325327e-01
-3.933960000000003898e+00 3.574211322505630450e-01
-3.873900000000003896e+00 3.754430870440400025e-01
-3.813840000000003450e+00 3.932434850597772980e-01
-3.753780000000003003e+00 4.106265220078161859e-01
-3.693720000000003001e+00 4.273769638666536919e-01
-3.633660000000002555e+00 4.432593258505400646e-01
-3.573600000000002552e+00 4.580216235456738283e-01
-3.513540000000002106e+00 4.713967026682051586e-01
-3.453480000000002104e+00 4.831062417119891261e-01
-3.393420000000001657e+00 4.928643341039753434e-01
-3.333360000000001655e+00 5.003815596208835981e-01
-3.273300000000001209e+00 5.053728851546703815e-01
-3.213240000000001206e+00 5.075624311228253971e-01
-3.153180000000000760e+00 5.066923653323044396e-01
-3.093120000000003866e+00 5.025313741334255235e-01
-3.033060000000003864e+00 4.948834476952473915e-01
-2.973000000000003418e+00 4.835991576524726332e-01
-2.912940000000003415e+00 4.685846596869207570e-01
-2.852880000000002969e+00 4.498138304484583516e-01
-2.792820000000002967e+00 4.273382067144252949e-01
-2.732760000000002520e+00 4.012984945133658554e-01
-2.672700000000002518e+00 3.719339428581775464e-01
-2.612640000000002072e+00 3.395902286433141182e-01
-2.552580000000002070e+00 3.047286640188504592e-01
-2.492520000000001623e+00 2.679304796830803137e-01
-2.432460000000001621e+00 2.299003939706091015e-01
-2.372400000000001175e+00 1.914665928393937400e-01
-2.312340000000001172e+00 1.535790906856918381e-01
-2.252280000000000726e+00 1.173032419398017528e-01
-2.192220000000003832e+00 8.381087846806202502e-02
-2.132160000000003830e+00 5.436679371560798613e-02
-2.072100000000003384e+00 3.031230856138546551e-02
-2.012040000000003381e+00 1.304466407815314290e-02
-1.951980000000002935e+00 3.993624971748666215e-03
-1.891920000000002711e+00 4.594087716788034480e-03
-1.831860000000002486e+00 1.625660740769576881e-02
-1.771800000000002262e+00 4.033572338754653347e-02
-1.711740000000002038e+00 7.809621214585818483e-02
-1.651680000000001813e+00 1.306791887867986834e-01
-1.591620000000001589e+00 1.990670540746819761e-01
-1.531560000000001365e+00 2.840507291294247505e-01
-1.471500000000001140e+00 3.861972991001583200e-01
-1.411440000000000916e+00 5.058206987520774689e-01
-1.351380000000004022e+00 6.429548457520368743e-01
-1.291320000000003798e+00 7.973342366501672274e-01
-1.231260000000003574e+00 9.683744811895640403e-01
-1.171200000000003349e+00 1.155164159777247512e+00
-1.111140000000003125e+00 1.356459269899142006e+00
-1.051080000000002901e+00 1.570686612012103023e+00
-9.910200000000025655e-01 1.795953732062441910e+00
-9.309600000000023412e-01 2.030069583832985192e+00
-8.709000000000021169e-01 2.270566013783364756e+00
-8.108400000000018926e-01 2.514736690338437608e+00
-7.507800000000016682e-01 2.759673314456550841e+00
-6.907200000000014439e-01 3.002314942180583035e+00
-6.306600000000012196e-01 3.239501152617715984e+00
-5.706000000000009953e-01 3.468029820623682369e+00
-5.105400000000041016e-01 3.684718349931815240e+00
-4.504800000000038773e-01 3.886464475034434596e+00
-3.904200000000035975e-01 4.070313516373794904e+00
-3.303600000000033732e-01 4.233518745533841887e+00
-2.703000000000031489e-01 4.373598412013655512e+00
-2.102400000000029245e-01 4.488394594059406550e+00
-1.501800000000026725e-01 4.576117605026222890e+00
-9.012000000000244815e-02 4.635388121301470044e+00
-3.006000000000221689e-02 4.665268679427335030e+00
2.999999999999801784e-02 4.665284854978868800e+00
9.005999999999825256e-02 4.635436375668289699e+00
1.501199999999984769e-01 4.576197156716784953e+00
2.101799999999987290e-01 4.488504232108200931e+00
2.702399999999989810e-01 4.373736282659092645e+00
3.302999999999958192e-01 4.233682709690944179e+00
3.903599999999960435e-01 4.070501532694003721e+00
4.504199999999962678e-01 3.886673007151413284e+00
5.104799999999964921e-01 3.684944971940944392e+00
5.705399999999967164e-01 3.468271112744226947e+00
6.305999999999969408e-01 3.239753603053655784e+00
6.906599999999971651e-01 3.002574891086135622e+00
7.507199999999975004e-01 2.759938322526465093e+00
8.107799999999977247e-01 2.515002478348493220e+00
8.708399999999979491e-01 2.270829428966561814e+00
9.308999999999981734e-01 2.030327936321647098e+00
9.909599999999983977e-01 1.796204165830718402e+00
1.051019999999998511e+00 1.570926599003378277e+00
1.111079999999998957e+00 1.356687089616197772e+00
1.171139999999999182e+00 1.155376876559158106e+00
1.231199999999999406e+00 9.685715769036634670e-01
1.291259999999999630e+00 7.975139006350896453e-01
1.351319999999999855e+00 6.431162263069238882e-01
1.411380000000000079e+00 5.059634867902094157e-01
1.471440000000000303e+00 3.863213458305119752e-01
1.531500000000000528e+00 2.841558680815769455e-01
1.591560000000000752e+00 1.991533759832072592e-01
1.651619999999994093e+00 1.307477361232924074e-01
1.711679999999994317e+00 7.814774547556378737e-02
1.771739999999994764e+00 4.037117722538389325e-02
1.831799999999994988e+00 1.627706492091937282e-02
1.891859999999995212e+00 4.600819064372597446e-03
1.951919999999995436e+00 3.988046587911722209e-03
2.011979999999995439e+00 1.302825285612601962e-02
2.072039999999995885e+00 3.028642335939459723e-02
2.132099999999995887e+00 5.433305707358208197e-02
2.192159999999996334e+00 8.377055895582041778e-02
2.252219999999996336e+00 1.172577251911176982e-01
2.312279999999996782e+00 1.535297018232368860e-01
2.372339999999997229e+00 1.914148108038691565e-01
2.432399999999997231e+00 2.298472153915186444e-01
2.492459999999997677e+00 2.678769488701401302e-01
2.552519999999997680e+00 3.046758055101574936e-01
2.612579999999998126e+00 3.395386380357269807e-01
2.672639999999998128e+00 3.718843786747863533e-01
2.732699999999998575e+00 4.012519115524103563e-01
2.792759999999998577e+00 4.272949373390732553e-01
2.852819999999999023e+00 4.497738875076033871e-01
2.912879999999999026e+00 4.685487456143042628e-01
2.972939999999999472e+00 4.835672791080474764e-01
3.032999999999999474e+00 4.948559737108001455e-01
3.093059999999999921e+00 5.025078053146417867e-01
3.153119999999999923e+00 5.066732708307820632e-01
3.213180000000000369e+00 5.075475329578794659e-01
3.273240000000000371e+00 5.053620134902988559e-01
3.333299999999994156e+00 5.003744752622878433e-01
3.393359999999994159e+00 4.928610315090991567e-01
3.453419999999994605e+00 4.831064134015897182e-01
3.513479999999994607e+00 4.713999166976936550e-01
3.573539999999995054e+00 4.580279815302533142e-01
3.633599999999995056e+00 4.432683219895390825e-01
3.693659999999995502e+00 4.273883365265096490e-01
3.753719999999995505e+00 4.106402411973533173e-01
3.813779999999995951e+00 3.932589696407492452e-01
3.873839999999995953e+00 3.754601531283843774e-01
3.933899999999996400e+00 3.574394993213899085e-01
3.993959999999996402e+00 3.393725376232544222e-01
4.054019999999996848e+00 3.214135739346917209e-01
4.114079999999996851e+00 3.036967163683147453e-01
4.174139999999996853e+00 2.863363440007563598e-01
4.234199999999997743e+00 2.694279300039252867e-01
4.294259999999997746e+00 2.530497117550677411e-01
4.354319999999997748e+00 2.372633060683417561e-01
4.414379999999998638e+00 2.221156385676731904e-01
4.474439999999998641e+00 2.076399208044672484e-01
4.534499999999998643e+00 1.938576756706425208e-01
4.594559999999998645e+00 1.807796081693500978e-01
4.654619999999999536e+00 1.684080339775196888e-01
4.714679999999999538e+00 1.567373168382621973e-01
4.774739999999999540e+00 1.457550662093847482e-01
4.834799999999999542e+00 1.354440492495089798e-01
4.894860000000000433e+00 1.257831588650547561e-01
4.954920000000000435e+00 1.167477422502877643e-01
5.014980000000000437e+00 1.083113907390329811e-01
5.075039999999994222e+00 1.004457911230973305e-01
5.135099999999994225e+00 9.312184197510565975e-02
5.195159999999994227e+00 8.631009607945085149e-02
5.255219999999995117e+00 7.998145147091823004e-02
5.315279999999995120e+00 7.410674023622661200e-02
5.375339999999995122e+00 6.865791102972233773e-02
5.435399999999995124e+00 6.360775729873835438e-02
5.495459999999996015e+00 5.892999864170391650e-02
5.555519999999996017e+00 5.459961654436625011e-02
5.615579999999996019e+00 5.059260793518793181e-02
5.675639999999996022e+00 4.688632913661371082e-02
5.735699999999996912e+00 4.345942980294405927e-02
5.795759999999996914e+00 4.029154471347295985e-02
5.855819999999996917e+00 3.736364482384776919e-02
5.915879999999996919e+00 3.465794603291066228e-02
5.975939999999997809e+00 3.215747618080130182e-02
6.035999999999997812e+00 2.984653786888584806e-02
6.096059999999997814e+00 2.771052203661284949e-02
6.156119999999997816e+00 2.573562518963444512e-02
6.216179999999998707e+00 2.390914617843074158e-02
6.276239999999998709e+00 2.221918295598813639e-02
6.336299999999998711e+00 2.065484204320366252e-02
6.396359999999999602e+00 1.920595804770212564e-02
6.456419999999999604e+00 1.786320518160483539e-02
6.516479999999999606e+00 1.661813159649866076e-02
6.576539999999999608e+00 1.546276175531756218e-02
6.636600000000000499e+00 1.439013455025979320e-02
6.696660000000000501e+00 1.339373390417437915e-02
6.756719999999993398e+00 1.246755014692120522e-02
6.816779999999994288e+00 1.160631651513836099e-02
6.876839999999994291e+00 1.080515959140086225e-02
6.936899999999994293e+00 1.005969770211704792e-02
6.996959999999995183e+00 9.365937032482922128e-03
7.057019999999995186e+00 8.720188008439986802e-03
7.117079999999995188e+00 8.119237767169145553e-03
7.177139999999995190e+00 7.559911661898535869e-03
7.237199999999996081e+00 7.039498700554433844e-03
7.297259999999996083e+00 6.555352162509030939e-03
7.357319999999996085e+00 6.105011607310004834e-03
7.417379999999996087e+00 5.686306001274015094e-03
7.477439999999996978e+00 5.297063200807628630e-03
7.537499999999996980e+00 4.935258776073319850e-03
7.597559999999996982e+00 4.599031815215533919e-03
7.657619999999996985e+00 4.286593932620377627e-03
7.717679999999997875e+00 3.996239232937078001e-03
7.777739999999997877e+00 3.726455570057945338e-03
7.837799999999997880e+00 3.475705777890513663e-03
7.897859999999997882e+00 3.242641916971599880e-03
7.957919999999998772e+00 3.025920744533330906e-03
8.017979999999997887e+00 2.824406437028943642e-03
8.078039999999999665e+00 2.636952338181476011e-03
8.138099999999999667e+00 2.462518746012110505e-03
8.198159999999999670e+00 2.300209640739737851e-03
8.258219999999999672e+00 2.149155177791580752e-03
8.318279999999999674e+00 2.008560535785595524e-03
8.378339999999999677e+00 1.877731206115405881e-03
8.438399999999999679e+00 1.755975097010878177e-03
8.498459999999994352e+00 1.642706904518284345e-03
8.558519999999994354e+00 1.537384924720488696e-03
8.618579999999994357e+00 1.439480591578440024e-03
8.678639999999994359e+00 1.348494957525014784e-03
8.738699999999994361e+00 1.264046677938559030e-03
8.798759999999994363e+00 1.185644508041158859e-03
8.858819999999996142e+00 1.112931940176340156e-03
8.918879999999996144e+00 1.045498201636832622e-03
8.978939999999996147e+00 9.829978107562041371e-04
9.038999999999996149e+00 9.250989457055441064e-04
9.099059999999996151e+00 8.714491524448010834e-04
9.159119999999996153e+00 8.217507566274297615e-04
9.219179999999996156e+00 7.757026644072630064e-04
9.279239999999996158e+00 7.330467368439501146e-04
9.339299999999997937e+00 6.935019239550424801e-04
9.399359999999997939e+00 6.568604061297082016e-04
9.459419999999997941e+00 6.228685313523643977e-04
9.519479999999997943e+00 5.913317683006722759e-04
9.579539999999997946e+00 5.620862170874120099e-04
9.639599999999997948e+00 5.349529760263312594e-04
9.699659999999997950e+00 5.097840694270415864e-04
9.759719999999997953e+00 4.864430140792691949e-04
9.819779999999999731e+00 4.648313987518785982e-04
9.879839999999999733e+00 4.448160073955645258e-04
9.939899999999999736e+00 4.263190404146410708e-04
9.999959999999999738e+00 4.092543726862623394e-04
1.006001999999999974e+01 3.935375226865235761e-04
1.012007999999999974e+01 3.791047438139624162e-04
1.018013999999999442e+01 3.658848419329931807e-04
1.024019999999999442e+01 3.538198157021059127e-04
1.030025999999999442e+01 3.428398755301133088e-04
1.036031999999999442e+01 3.328741045891759546e-04
1.042037999999999442e+01 3.238770481583074499e-04
1.048043999999999443e+01 3.157851843966595217e-04
1.054049999999999443e+01 3.085372796417765900e-04
1.060055999999999443e+01 3.020897545316386266e-04
1.066061999999999621e+01 2.963634576545958691e-04
1.072067999999999621e+01 2.913350560766268370e-04
1.078073999999999621e+01 2.869258250387368681e-04
1.084079999999999622e+01 2.831066456912489861e-04
1.090085999999999622e+01 2.798194066247452669e-04
1.096091999999999622e+01 2.770366955206224682e-04
1.102097999999999622e+01 2.747251771468265822e-04
1.108103999999999800e+01 2.728511773482403214e-04
1.114109999999999800e+01 2.713779189253994243e-04
1.120115999999999801e+01 2.703078546113250793e-04
1.126121999999999801e+01 2.696058833353338793e-04
1.132127999999999801e+01 2.692696811436271647e-04
1.138133999999999801e+01 2.693013888027646170e-04
1.144139999999999802e+01 2.696786354556657099e-04
1.150145999999999802e+01 2.704099683405311247e-04
1.156151999999999980e+01 2.714837358220877658e-04
1.162157999999999980e+01 2.728944290183823226e-04
1.168163999999999980e+01 2.746418240103591884e-04
1.174169999999999980e+01 2.767226155069096795e-04
1.180175999999999981e+01 2.791174074072780027e-04
1.186181999999999270e+01 2.818271655080764929e-04
1.192187999999999448e+01 2.848227170551494744e-04
1.198193999999999448e+01 2.880835236312723072e-04
1.204199999999999449e+01 2.915928215804577148e-04
1.210205999999999449e+01 2.953317394667278359e-04
1.216211999999999449e+01 2.992545945672616271e-04
1.222217999999999449e+01 3.033436313410668543e-04
1.228223999999999450e+01 3.075640506919753280e-04
1.234229999999999450e+01 3.118801695616073245e-04
1.240235999999999628e+01 3.162740421383738055e-04
1.246241999999999628e+01 3.207000615743844148e-04
1.252247999999999628e+01 3.251484425313196243e-04
1.258253999999999628e+01 3.295725272025391470e-04
1.264259999999999629e+01 3.339633756983803928e-04
1.270265999999999629e+01 3.383035257462015414e-04
1.276271999999999629e+01 3.425719897591102386e-04
1.282277999999999807e+01 3.467599570765064580e-04
1.288283999999999807e+01 3.508348872437373647e-04
1.294289999999999807e+01 3.548126763676375472e-04
1.300295999999999808e+01 3.586601897397083318e-04
1.306301999999999808e+01 3.623768829941974279e-04
1.312307999999999808e+01 3.659518562449597481e-04
1.318313999999999808e+01 3.693608387797595711e-04
1.324319999999999808e+01 3.726100248992694395e-04
1.330325999999999986e+01 3.756681561532815576e-04
1.336331999999999987e+01 3.785252860642495981e-04
1.342337999999999987e+01 3.811710297359953772e-04
1.348343999999999987e+01 3.835635993961536558e-04
1.354349999999999987e+01 3.857167646237658651e-04
1.360355999999999277e+01 3.875945488629038054e-04
1.366361999999999455e+01 3.891920228625434658e-04
1.372367999999999455e+01 3.904874406771370512e-04
1.378373999999999455e+01 3.914933955181421369e-04
1.384379999999999455e+01 3.921810233763323552e-04
1.390385999999999456e+01 3.925615309390415768e-04
1.396391999999999456e+01 3.926402294065369880e-04
1.402397999999999456e+01 3.924201953866721061e-04
1.408403999999999456e+01 3.919085055268976348e-04
1.414409999999999634e+01 3.911224680226409200e-04
1.420415999999999634e+01 3.900631874511776903e-04
1.426421999999999635e+01 3.887672867057953758e-04
1.432427999999999635e+01 3.872226700236149869e-04
1.438433999999999635e+01 3.854592830128449272e-04
1.444439999999999635e+01 3.834819318895697662e-04
1.450445999999999636e+01 3.812833154629880362e-04
1.456451999999999636e+01 3.788903275231460276e-04
1.462457999999999814e+01 3.762790343946491637e-04
1.468463999999999814e+01 3.734522642665984876e-04
1.474469999999999814e+01 3.703962772946050794e-04
1.480475999999999814e+01 3.671099332550934423e-04
1.486481999999999815e+01 3.635666193248861971e-04
1.492487999999999815e+01 3.597484800612943314e-04
1.498493999999999815e+01 3.556482549677151476e-04
1.504499999999999993e+01 3.512525414358158636e-04
1.510505999999999993e+01 3.465255309005413906e-04
1.516511999999999993e+01 3.414958593407782061e-04
1.522517999999999994e+01 3.361369973409951721e-04
1.528523999999999283e+01 3.304469623251217437e-04
1.534529999999999283e+01 3.244477755143764094e-04
1.540535999999999461e+01 3.181495474190591311e-04
1.546541999999999462e+01 3.115755147332416775e-04
1.552547999999999462e+01 3.047457561059950721e-04
1.558553999999999462e+01 2.977046971157022216e-04
1.564559999999999462e+01 2.904809759383194948e-04
1.570565999999999462e+01 2.831047374498945582e-04
1.576571999999999463e+01 2.756260165718867191e-04
1.582577999999999463e+01 2.680914633699625496e-04
1.588583999999999641e+01 2.605293632113169920e-04
1.594589999999999641e+01 2.529730382421604474e-04
1.600595999999999464e+01 2.454573392478688696e-04
1.606601999999999464e+01 2.380221511506087722e-04
1.612607999999999819e+01 2.306734205296777634e-04
1.618613999999999820e+01 2.234475017863430172e-04
1.624619999999999820e+01 2.163479818378490137e-04
1.630625999999999820e+01 2.093933063642063215e-04
1.636631999999999820e+01 2.025887150758674349e-04
1.642637999999999820e+01 1.959405812758854956e-04
1.648643999999999821e+01 1.894424731041327266e-04
1.654649999999999821e+01 1.831091311159201076e-04
1.660655999999999821e+01 1.769294551706203649e-04
1.666661999999999821e+01 1.709139848020725942e-04
1.672667999999999822e+01 1.650526921897212899e-04
1.678673999999999822e+01 1.593568786864255245e-04
1.684679999999999822e+01 1.538283417000551917e-04
1.690685999999999822e+01 1.484700603138136695e-04
1.696691999999999823e+01 1.432839295820120232e-04
1.702697999999999467e+01 1.382874795845804488e-04
1.708703999999999468e+01 1.334804888703908135e-04
1.714709999999999468e+01 1.288824551377829074e-04
1.720715999999999468e+01 1.244933673224200008e-04
1.726721999999999468e+01 1.203273258511050793e-04
1.732727999999999469e+01 1.163975596906472121e-04
1.738733999999999469e+01 1.127039469090578998e-04
1.744739999999999469e+01 1.092580469231959500e-04
1.750745999999999469e+01 1.060624881378702554e-04
1.756751999999999470e+01 1.031213675432875301e-04
1.762757999999999470e+01 1.004415956248636899e-04
1.768763999999999470e+01 9.801114269750553910e-05
1.774769999999999470e+01 9.583284757855938018e-05
1.780775999999999470e+01 9.390138001093394223e-05
1.786781999999999826e+01 9.220882986866134725e-05
1.792787999999999826e+01 9.075105338554858496e-05
1.798793999999999826e+01 8.951215017485824579e-05
1.804799999999999827e+01 8.848427144732275119e-05
1.810805999999999827e+01 8.766646970183551507e-05
1.816811999999999827e+01 8.702888946520814621e-05
1.822817999999999827e+01 8.656991449463299155e-05
1.828823999999999828e+01 8.628130781043280529e-05
1.834829999999999828e+01 8.613737847686919464e-05
1.840835999999999828e+01 8.613567078572752884e-05
1.846841999999999828e+01 8.625264186794666540e-05
1.852847999999999828e+01 8.648715813920900366e-05
1.858853999999999829e+01 8.682366954223249363e-05
1.864859999999999829e+01 8.724389425426230631e-05
1.870865999999999474e+01 8.774180200133532327e-05
1.876871999999999474e+01 8.829966483693983052e-05
1.882877999999999474e+01 8.891427099922328853e-05
1.888883999999999475e+01 8.956586153647508233e-05
1.894889999999999475e+01 9.024384940133751108e-05
1.900895999999999475e+01 9.094283247130586275e-05
1.906901999999999475e+01 9.164937718630609021e-05
1.912907999999999475e+01 9.234726279087878147e-05
1.918913999999999476e+01 9.303175774417157850e-05
1.924919999999999476e+01 9.369485801895959399e-05
1.930925999999999476e+01 9.432267055163213337e-05
1.936931999999999476e+01 9.491015761378606102e-05
1.942937999999999477e+01 9.544631301618890381e-05
1.948943999999999477e+01 9.593159604228216752e-05
1.954949999999999477e+01 9.635225086417409444e-05
1.960955999999999833e+01 9.671192249494829857e-05
1.966961999999999833e+01 9.700788603585822339e-05
1.972967999999999833e+01 9.724026435404257334e-05
1.978973999999999833e+01 9.739819098684896718e-05
1.984979999999999833e+01 9.749668155068919311e-05
1.990985999999999834e+01 9.753058914708533414e-05
1.996991999999999834e+01 9.750970194189378850e-05
2.002997999999999834e+01 9.742872840050363983e-05
2.009003999999999834e+01 9.729148932936823135e-05
2.015009999999999835e+01 9.710423945050788096e-05
2.021015999999999835e+01 9.687333306405023598e-05
2.027021999999999835e+01 9.659258887152380848e-05
2.033027999999999835e+01 9.627491072389532530e-05
2.039033999999999835e+01 9.591375073034503758e-05
2.045039999999999480e+01 9.550760786013975142e-05
2.051045999999999481e+01 9.506580950306809199e-05
2.057051999999999481e+01 9.457157989235215442e-05
2.063057999999999481e+01 9.403664884686549713e-05
2.069063999999999481e+01 9.344884705907148894e-05
2.075069999999999482e+01 9.281589046681505586e-05
2.081075999999999482e+01 9.212409210857757486e-05
2.087081999999999482e+01 9.137132066441397047e-05
2.093087999999999482e+01 9.056415462018705146e-05
2.099093999999999482e+01 8.968909988331841450e-05
2.105099999999999483e+01 8.875118922346750662e-05
2.111105999999999483e+01 8.774941229967187786e-05
2.117111999999999483e+01 8.668831399613461568e-05
2.123117999999999483e+01 8.556348008078553042e-05
2.129123999999999484e+01 8.438381441298925848e-05
2.135129999999999839e+01 8.315163203543214654e-05
2.141135999999999839e+01 8.187673152089483010e-05
2.147141999999999840e+01 8.056780201381593082e-05
2.153147999999999840e+01 7.922524062828925455e-05
2.159153999999999840e+01 7.786379024148178585e-05
2.165159999999999840e+01 7.648887813992002267e-05
2.171165999999999840e+01 7.511589415465834364e-05
2.177171999999999841e+01 7.374858139916875752e-05
2.183177999999999841e+01 7.240254450857919199e-05
2.189183999999999841e+01 7.107670188989738099e-05
2.195189999999999841e+01 6.978517235955891381e-05
2.201195999999999842e+01 6.853582327873997419e-05
2.207201999999999842e+01 6.732803857485045683e-05
2.213207999999999132e+01 6.617317327260544295e-05
2.219213999999999487e+01 6.507186400325965826e-05
2.225219999999999487e+01 6.403034619445283364e-05
2.231225999999999487e+01 6.304571548358312342e-05
2.237231999999999488e+01 6.211919378506257415e-05
2.243237999999999488e+01 6.124994914594954871e-05
2.249243999999999488e+01 6.043654504408294161e-05
2.255249999999999488e+01 5.967422515504557313e-05
2.261255999999999489e+01 5.896065861635148406e-05
2.267261999999999489e+01 5.829425527688455923e-05
2.273267999999999489e+01 5.766500888956108871e-05
2.279273999999999489e+01 5.706977440846081116e-05
2.285279999999999490e+01 5.650093748664453233e-05
2.291285999999999490e+01 5.595586072619696303e-05
2.297291999999999490e+01 5.542128657843285603e-05
2.303297999999999490e+01 5.489374567138360542e-05
2.309303999999999490e+01 5.436687147852262061e-05
2.315309999999999846e+01 5.383422674931714425e-05
2.321315999999999846e+01 5.329299212474743219e-05
2.327321999999999846e+01 5.273175819139837078e-05
2.333327999999999847e+01 5.214725249096001174e-05
2.339333999999999847e+01 5.153721010509990823e-05
2.345339999999999847e+01 5.090125501938626355e-05
2.351345999999999847e+01 5.023168302149780024e-05
2.357351999999999848e+01 4.952808220464636704e-05
2.363357999999999848e+01 4.879211443021539454e-05
2.369363999999999848e+01 4.801960903268627783e-05
2.375369999999999848e+01 4.721858179023350318e-05
2.381375999999999138e+01 4.638741454206870998e-05
2.387381999999999138e+01 4.552444560506499965e-05
2.393387999999999494e+01 4.464071538628441068e-05
2.399393999999999494e+01 4.373231606380320922e-05
2.405399999999999494e+01 4.281025085912062473e-05
2.411405999999999494e+01 4.187568247242231319e-05
2.417411999999999495e+01 4.093411761809044293e-05
2.423417999999999495e+01 3.998721170925834145e-05
2.429423999999999495e+01 3.904476507985124627e-05
2.435429999999999495e+01 3.810959990895177645e-05
2.441435999999999495e+01 3.718572816646525264e-05
2.447441999999999496e+01 3.627808528200795085e-05
2.453447999999999496e+01 3.539388412301771501e-05
2.459453999999999496e+01 3.453769753626781917e-05
2.465459999999999496e+01 3.371303559942131996e-05
2.471465999999999497e+01 3.292294528077059781e-05
2.477471999999999497e+01 3.217473844949044696e-05
2.483477999999999497e+01 3.146929905315355122e-05
2.489483999999999853e+01 3.081788136644427779e-05
2.495489999999999853e+01 3.021318405062004103e-05
2.501495999999999853e+01 2.966612355022181475e-05
2.507501999999999853e+01 2.918011852969893953e-05
2.513507999999999853e+01 2.875360401237549651e-05
2.519513999999999854e+01 2.839005562834577226e-05
2.525519999999999854e+01 2.809513425800086326e-05
2.531525999999999854e+01 2.786371476525079525e-05
2.537531999999999854e+01 2.769819654767771832e-05
2.543537999999999855e+01 2.759748739797567477e-05
2.549543999999999855e+01 2.756049553808664250e-05
2.555549999999999145e+01 2.758659224426494481e-05
2.561555999999999145e+01 2.767117012269503469e-05
2.567561999999999145e+01 2.780626368260843333e-05
2.573567999999999500e+01 2.799683408376563842e-05
2.579573999999999501e+01 2.822679411650664337e-05
2.585579999999999501e+01 2.849167181954984280e-05
2.591585999999999501e+01 2.878931087905500715e-05
2.597591999999999501e+01 2.910439248949549536e-05
2.603597999999999502e+01 2.943270254994823909e-05
2.609603999999999502e+01 2.975963527468574550e-05
2.615609999999999502e+01 3.008156033080260945e-05
2.621615999999999502e+01 3.038447617990247410e-05
2.627621999999999503e+01 3.065907959103407303e-05
2.633627999999999503e+01 3.089772907396155490e-05
2.639633999999999503e+01 3.109209692377007574e-05
2.645639999999999503e+01 3.123515732018489601e-05
2.651645999999999503e+01 3.132189471483780199e-05
2.657651999999999504e+01 3.134446445041010786e-05
2.663657999999999859e+01 3.130701892978894662e-05
2.669663999999999859e+01 3.120045887091329865e-05
2.675669999999999860e+01 3.102749424493840547e-05
2.681675999999999860e+01 3.078909291841134762e-05
2.687681999999999860e+01 3.049115251204978613e-05
2.693687999999999860e+01 3.013322312784836565e-05
2.699693999999999861e+01 2.971949595697727015e-05
2.705699999999999861e+01 2.925962127105377299e-05
2.711705999999999861e+01 2.875169448747711540e-05
2.717711999999999861e+01 2.820914153902306286e-05
2.723717999999999151e+01 2.763306256498079884e-05
2.729723999999999151e+01 2.703280560984007297e-05
2.735729999999999151e+01 2.641114879867495529e-05
2.741735999999999152e+01 2.577761843443804654e-05
2.747741999999999507e+01 2.513298478993627671e-05
2.753747999999999507e+01 2.448745649937108135e-05
2.759753999999999508e+01 2.384681546872091217e-05
2.765759999999999508e+01 2.321294431817425856e-05
2.771765999999999508e+01 2.259108327657796309e-05
2.777771999999999508e+01 2.198800752069329347e-05
2.783777999999999508e+01 2.141072754749479083e-05
2.789783999999999509e+01 2.085982021422181973e-05
2.795789999999999509e+01 2.033652062057646507e-05
2.801795999999999509e+01 1.985005947041373287e-05
2.807801999999999509e+01 1.940346157651643279e-05
2.813807999999999510e+01 1.899601009502463827e-05
2.819813999999999510e+01 1.863353700265814688e-05
2.825819999999999510e+01 1.831799228999891535e-05
2.831825999999999510e+01 1.805306900583735825e-05
2.837831999999999866e+01 1.783667308377929119e-05
2.843837999999999866e+01 1.767299251650539024e-05
2.849843999999999866e+01 1.756285758928560195e-05
2.855849999999999866e+01 1.750421620579326951e-05
2.861855999999999867e+01 1.750046693987302671e-05
2.867861999999999867e+01 1.754977190229896030e-05
2.873867999999999867e+01 1.764944209626848168e-05
2.879873999999999867e+01 1.780196532422896992e-05
2.885879999999999868e+01 1.800533224711771470e-05
2.891885999999999868e+01 1.825855736876456616e-05
2.897891999999999157e+01 1.855446840556288773e-05
2.903897999999999158e+01 1.889464788333082869e-05
2.909903999999999158e+01 1.927536016720272056e-05
2.915909999999999158e+01 1.969087277705956383e-05
2.921915999999999514e+01 2.014219567119384191e-05
2.927921999999999514e+01 2.061821593473039122e-05
2.933927999999999514e+01 2.111614705163330011e-05
2.939933999999999514e+01 2.163267878398922035e-05
2.945939999999999515e+01 2.215702780118170736e-05
2.951945999999999515e+01 2.268903997235764748e-05
2.957951999999999515e+01 2.321585953687371078e-05
2.963957999999999515e+01 2.373311515649910756e-05
2.969963999999999515e+01 2.423395426181954374e-05
2.975969999999999516e+01 2.470711509435643492e-05
2.981975999999999516e+01 2.514598543202412178e-05
2.987981999999999516e+01 2.554609163922589684e-05
2.993987999999999516e+01 2.589545734095499187e-05
2.999993999999999517e+01 2.619201794677093021e-05
